-1954 0
-1953 0
-1455 0
-1454 0
-1452 0
-1451 0
-1450 0
-1449 0
-1448 0
-1447 0
-1446 0
-1444 0
-1443 0
-1441 0
-1436 0
-1435 0
-1433 0
-1169 0
-1168 0
-1167 0
-1165 0
-1164 0
-1162 0
-1161 0
-1158 0
-1157 0
-1155 0
-1153 0
-1152 0
-1151 0
-1149 0
-1146 0
-883 0
-882 0
-881 0
-880 0
-875 0
-869 0
-866 0
-865 0
-861 0
-597 0
-596 0
-595 0
-594 0
-589 0
-586 0
-583 0
-581 0
-580 0
-578 0
-577 0
-576 0
-311 0
-310 0
-309 0
-308 0
-307 0
-306 0
-304 0
-303 0
-299 0
-298 0
-297 0
-293 0
-291 0
-290 0
-289 0
-288 0
-25 0
-24 0
-23 0
-22 0
-21 0
-20 0
-18 0
-17 0
-13 0
-12 0
-11 0
-7 0
-5 0
-4 0
-3 0
-2 0
6 0
8 0
9 0
10 0
14 0
15 0
16 0
19 0
292 0
294 0
295 0
296 0
300 0
301 0
302 0
305 0
574 0
575 0
579 0
582 0
584 0
585 0
587 0
588 0
590 0
591 0
592 0
593 0
860 0
862 0
863 0
864 0
867 0
868 0
870 0
871 0
872 0
873 0
874 0
876 0
877 0
878 0
879 0
1147 0
1148 0
1150 0
1154 0
1156 0
1159 0
1160 0
1163 0
1166 0
1432 0
1434 0
1437 0
1438 0
1439 0
1440 0
1442 0
1445 0
1453 0
