-2092 0
-2091 0
-1570 0
-1569 0
-1568 0
-1566 0
-1565 0
-1563 0
-1561 0
-1559 0
-1557 0
-1552 0
-1551 0
-1549 0
-1548 0
-1547 0
-1261 0
-1260 0
-1259 0
-1257 0
-1256 0
-1255 0
-1251 0
-1248 0
-1247 0
-1245 0
-1244 0
-1243 0
-1241 0
-1240 0
-952 0
-951 0
-950 0
-949 0
-944 0
-940 0
-932 0
-930 0
-929 0
-643 0
-642 0
-641 0
-640 0
-637 0
-636 0
-635 0
-633 0
-629 0
-626 0
-625 0
-623 0
-621 0
-334 0
-333 0
-332 0
-331 0
-330 0
-329 0
-327 0
-325 0
-323 0
-319 0
-317 0
-315 0
-313 0
-312 0
-311 0
-25 0
-24 0
-23 0
-22 0
-21 0
-20 0
-18 0
-16 0
-14 0
-10 0
-8 0
-6 0
-4 0
-3 0
-2 0
5 0
7 0
9 0
11 0
12 0
13 0
15 0
17 0
19 0
314 0
316 0
318 0
320 0
321 0
322 0
324 0
326 0
328 0
620 0
622 0
624 0
627 0
628 0
630 0
631 0
632 0
634 0
638 0
639 0
931 0
933 0
934 0
935 0
936 0
937 0
938 0
939 0
941 0
942 0
943 0
945 0
946 0
947 0
948 0
1238 0
1239 0
1242 0
1246 0
1249 0
1250 0
1252 0
1253 0
1254 0
1258 0
1550 0
1553 0
1554 0
1555 0
1556 0
1558 0
1560 0
1562 0
1564 0
1567 0
