Q1477LOGS1 53 2756 26 21044858204113
0 0 2890418371845
1 0 18154439832268
2 0 11894116504690
3 0 9150741699423
4 0 9751476151780
5 0 11293382052333
6 0 6071560524097
7 0 14973297680016
8 0 3184505505001
9 0 17860352699112
10 0 9934100342777
11 0 11110757861336
12 0 20897814637535
13 0 147043566578
14 0 18448526965424
15 0 2596331238689
16 0 1661619961581
17 0 19383238242532
18 0 16455114228115
19 0 4589743975998
20 0 13446055545982
21 0 7598802658131
22 0 2282365266978
23 0 18762492937135
24 0 15350701169596
25 0 5694157034517
26 0 18673941092758
27 0 2370917111355
28 0 6298679211732
29 0 14746178992381
30 0 6165134513671
31 0 14879723690442
32 0 15024278168479
33 0 6020580035634
34 0 11832964629977
35 0 9211893574136
36 0 9857810585392
37 0 11187047618721
38 0 3718245486979
39 0 17326612717134
40 0 13821080923418
41 0 7223777280695
42 0 12108459650345
43 0 8936398553768
44 0 11674725939377
45 0 9370132264736
46 0 1931269909340
47 0 19113588294773
48 0 19063223035100
49 0 1981635169013
50 0 6580006404812
51 0 14464851799301
52 0 2008156972377
53 0 19036701231736
54 0 10314993156486
55 0 10729865047627
56 0 4671968676387
57 0 16372889527726
58 0 13796640161457
59 0 7248218042656
60 0 8377167982379
61 0 12667690221734
62 0 2964326554241
63 0 18080531649872
64 0 15177825479937
65 0 5867032724176
66 0 11753845284677
67 0 9291012919436
68 0 4478674135081
69 0 16566184069032
70 0 17255346793210
71 0 3789511410903
72 0 11714285612027
73 0 9330572592086
74 0 6579415055203
75 0 14465443148910
76 0 18108089969585
77 0 2936768234528
78 0 20690209629226
79 0 354648574887
80 0 952322811807
81 0 20092535392306
82 0 14137558304618
83 0 6907299899495
84 0 18280335906542
85 0 2764522297571
86 0 19779836325
87 0 21025078367788
88 0 3260506942669
89 0 17784351261444
90 0 20036723935879
91 0 1008134268234
92 0 17637504245487
93 0 3407353958626
94 0 10849171948730
95 0 10195686255383
96 0 4602706224854
97 0 16442151979259
98 0 476861594704
99 0 20567996609409
100 0 5750262622530
101 0 15294595581583
102 0 12619982642898
103 0 8424875561215
104 0 16124339363865
105 0 4920518840248
106 1 14000777224088
107 1 7044080980025
108 1 8140649145734
109 1 12904209058379
110 1 9792602938177
111 1 11252255265936
112 1 4120789549949
113 1 16924068654164
114 1 3010676166038
115 1 18034182038075
116 1 1998219381263
117 1 19046638822850
118 1 8541219033072
119 1 12503639171041
120 1 2507334394112
121 1 18537523810001
122 1 7336668297558
123 1 13708189906555
124 1 5411899318839
125 1 15632958885274
126 1 12479106523902
127 1 8565751680211
128 1 19279742352830
129 1 1765115851283
130 1 3588507585061
131 1 17456350619052
132 1 12769314939527
133 1 8275543264586
134 1 11077485794012
135 1 9967372410101
136 1 17704628669081
137 1 3340229535032
138 1 12704708912634
139 1 8340149291479
140 1 13191653560204
141 1 7853204643909
142 1 3090475471527
143 1 17954382732586
144 1 19583212489075
145 1 1461645715038
146 1 14692051229685
147 1 6352806974428
148 1 20254408805897
149 1 790449398216
150 1 8455943715152
151 1 12588914488961
152 1 1039012236086
153 1 20005845968027
154 1 10619243505244
155 1 10425614698869
156 1 2250101725975
157 1 18794756478138
158 1 20133162337224
159 1 911695866889
160 1 19834121999251
161 1 1210736204862
162 1 3803932583362
163 1 17240925620751
164 1 4925712012586
165 1 16119146191527
166 1 10198279554744
167 1 10846578649369
168 1 1859035299487
169 1 19185822904626
170 1 9058682786395
171 1 11986175417718
172 1 2951986698612
173 1 18092871505501
174 1 5230902933860
175 1 15813955270253
176 1 6463194560900
177 1 14581663643213
178 1 14819453211027
179 1 6225404993086
180 1 13329311592856
181 1 7715546611257
182 1 669202929543
183 1 20375655274570
184 1 15406214433330
185 1 5638643770783
186 1 14179516661810
187 1 6865341542303
188 1 961368145079
189 1 20083490059034
190 1 11819594713837
191 1 9225263490276
192 1 15329545822610
193 1 5715312381503
194 1 20502551031842
195 1 542307172271
196 1 10734980369295
197 1 10309877834818
198 1 20388648976619
199 1 656209227494
200 1 19770774054485
201 1 1274084149628
202 1 14388034836838
203 1 6656823367275
204 1 4790115634579
205 1 16254742569534
206 1 6269565754525
207 1 14775292449588
208 1 8646877402810
209 1 12397980801303
210 1 14017127367622
211 1 7027730836491
212 2 16364827831434
213 2 4680030372679
214 2 2379603397310
215 2 18665254806803
216 2 2721271228807
217 2 18323586975306
218 2 12893973038418
219 2 8150885165695
220 2 8956882717241
221 2 12087975486872
222 2 8129994619538
223 2 12914863584575
224 2 17530517944486
225 2 3514340259627
226 2 5100478321267
227 2 15944379882846
228 2 9237876307775
229 2 11806981896338
230 2 12191445861352
231 2 8853412342761
232 2 8231571090898
233 2 12813287113215
234 2 19718417571522
235 2 1326440632591
236 2 6551101573953
237 2 14493756630160
238 2 5718708543704
239 2 15326149660409
240 2 3428687839129
241 2 17616170364984
242 2 2756221967686
243 2 18288636236427
244 2 19048821539610
245 2 1996036664503
246 2 9529547087450
247 2 11515311116663
248 2 1928202197987
249 2 19116656006126
250 2 11775762515315
251 2 9269095688798
252 2 13406877080184
253 2 7637981123929
254 2 17657951457298
255 2 3386906746815
256 2 19075472652477
257 2 1969385551636
258 2 21006556253313
259 2 38301950800
260 2 7894433144812
261 2 13150425059301
262 2 13763256272101
263 2 7281601932012
264 2 18432527733432
265 2 2612330470681
266 2 13407146162241
267 2 7637712041872
268 2 2301975485229
269 2 18742882718884
270 2 15237122132944
271 2 5807736071169
272 2 12664177030691
273 2 8380681173422
274 2 20648323688703
275 2 396534515410
276 2 19734406310861
277 2 1310451893252
278 2 3799705045536
279 2 17245153158577
280 2 959501749084
281 2 20085356455029
282 2 16757118689671
283 2 4287739514442
284 2 10877454514113
285 2 10167403690000
286 2 19375305630916
287 2 1669552573197
288 2 6273503543655
289 2 14771354660458
290 2 6616214423616
291 2 14428643780497
292 2 11500566289938
293 2 9544291914175
294 2 5325327556249
295 2 15719530647864
296 2 9391084110975
297 2 11653774093138
298 2 11577170191538
299 2 9467688012575
300 2 8963526229948
301 2 12081331974165
302 2 12372754502428
303 2 8672103701685
304 2 2381989209440
305 2 18662868994673
306 2 14903808113168
307 2 6141050090945
308 2 15710788021019
309 2 5334070183094
310 2 9122881250133
311 2 11921976953980
312 2 16935310607014
313 2 4109547597099
314 2 1356181125908
315 2 19688677078205
316 2 14136214903167
317 2 6908643300946
318 3 10228970890738
319 3 10815887313375
320 3 18095550656995
321 3 2949307547118
322 3 16487165490829
323 3 4557692713284
324 3 3839708601213
325 3 17205149602900
326 3 5514403860857
327 3 15530454343256
328 3 10850648405102
329 3 10194209799011
330 3 14176726166253
331 3 6868132037860
332 3 19050252642373
333 3 1994605561740
334 3 15057311307070
335 3 5987546897043
336 3 4484108414858
337 3 16560749789255
338 3 17135721397093
339 3 3909136807020
340 3 3775020876325
341 3 17269837327788
342 3 8200816395846
343 3 12844041808267
344 3 6281215615223
345 3 14763642588890
346 3 19186504213619
347 3 1858353990494
348 3 13951048296711
349 3 7093809907402
350 3 3052625743609
351 3 17992232460504
352 3 9682219388837
353 3 11362638815276
354 3 18607559584821
355 3 2437298619292
356 3 938849125467
357 3 20106009078646
358 3 9969297596877
359 3 11075560607236
360 3 8993169829921
361 3 12051688374192
362 3 9127333827279
363 3 11917524376834
364 3 19053982854196
365 3 1990875349917
366 3 12844785286352
367 3 8200072917761
368 3 15064771730716
369 3 5980086473397
370 3 7162139796289
371 3 13882718407824
372 3 6258929238782
373 3 14785928965331
374 3 869691492266
375 3 20175166711847
376 3 14112211103346
377 3 6932647100767
378 3 9773204355144
379 3 11271653848969
380 3 5107382769949
381 3 15937475434164
382 3 20194239941364
383 3 850618262749
384 3 20017479690943
385 3 1027378513170
386 3 17376905336187
387 3 3667952867926
388 3 19009220312320
389 3 2035637891793
390 3 8810345351701
391 3 12234512852412
392 3 7960165764280
393 3 13084692439833
394 3 8548551464299
395 3 12496306739814
396 3 17867607605214
397 3 3177250598899
398 3 17777316661869
399 3 3267541542244
400 3 159116997563
401 3 20885741206550
402 3 13589809743616
403 3 7455048460497
404 3 10356814601478
405 3 10688043602635
406 3 20478024241844
407 3 566833962269
408 3 3935748113117
409 3 17109110090996
410 3 7980412590606
411 3 13064445613507
412 3 18413784652121
413 3 2631073551992
414 3 17873627001437
415 3 3171231202676
416 3 12515169557885
417 3 8529688646228
418 3 14077202852822
419 3 6967655351291
420 3 17536378604057
421 3 3508479600056
422 3 18530065607528
423 3 2514792596585
424 4 5421613243490
425 4 15623244960623
426 4 4131915509039
427 4 16912942695074
428 4 19151331979178
429 4 1893526224935
430 4 18716285703786
431 4 2328572500327
432 4 5760903103271
433 4 15283955100842
434 4 6709217345927
435 4 14335640858186
436 4 18139710969075
437 4 2905147235038
438 4 5137441895275
439 4 15907416308838
440 4 9230731478087
441 4 11814126726026
442 4 19319318459673
443 4 1725539744440
444 4 17020232171672
445 4 4024626032441
446 4 14243701374880
447 4 6801156829233
448 4 18839940622511
449 4 2204917581602
450 4 16132890455847
451 4 4911967748266
452 4 9923926688634
453 4 11120931515479
454 4 551464271194
455 4 20493393932919
456 4 7812145888315
457 4 13232712315798
458 4 2976818782627
459 4 18068039421486
460 4 540901028504
461 4 20503957175609
462 4 3494508003220
463 4 17550350200893
464 4 9846116503841
465 4 11198741700272
466 4 5328920335884
467 4 15715937868229
468 4 4057130338951
469 4 16987727865162
470 4 811724167927
471 4 20233134036186
472 4 14226257749574
473 4 6818600454539
474 4 17661826941519
475 4 3383031262594
476 4 2934910682194
477 4 18109947521919
478 4 6340624022302
479 4 14704234181811
480 4 3604096520524
481 4 17440761683589
482 4 14275024968880
483 4 6769833235233
484 4 15265206214906
485 4 5779651989207
486 4 20790035456501
487 4 254822747612
488 4 10254169646484
489 4 10790688557629
490 4 5839929290159
491 4 15204928913954
492 4 15224685460676
493 4 5820172743437
494 4 12969096144319
495 4 8075762059794
496 4 14770115591893
497 4 6274742612220
498 4 9953778743584
499 4 11091079460529
500 4 11979941856256
501 4 9064916347857
502 4 4402322253042
503 4 16642535951071
504 4 1447289937777
505 4 19597568266336
506 4 17598814057365
507 4 3446044146748
508 4 4000141178330
509 4 17044717025783
510 4 8915074430703
511 4 12129783773410
512 4 17766902800221
513 4 3277955403892
514 4 1131879759312
515 4 19912978444801
516 4 9878273361
517 4 21034979930752
518 4 3516974560789
519 4 17527883643324
520 4 16507460893504
521 4 4537397310609
522 4 2741436492747
523 4 18303421711366
524 4 7687790567096
525 4 13357067637017
526 4 5800416196715
527 4 15244442007398
528 4 270077889081
529 4 20774780315032
530 5 15421151285106
531 5 5623706919007
532 5 10648103629672
533 5 10396754574441
534 5 15531934310391
535 5 5512923893722
536 5 14123368647151
537 5 6921489556962
538 5 35436359064
539 5 21009421845049
540 5 13974139962647
541 5 7070718241466
542 5 18903064694091
543 5 2141793510022
544 5 3075697337452
545 5 17969160866661
546 5 7951134221688
547 5 13093723982425
548 5 16760337731736
549 5 4284520472377
550 5 7375837015407
551 5 13669021188706
552 5 10674988489027
553 5 10369869715086
554 5 6415980563709
555 5 14628877640404
556 5 20354757831937
557 5 690100372176
558 5 14638190979514
559 5 6406667224599
560 5 20103408776706
561 5 941449427407
562 5 6056536095402
563 5 14988322108711
564 5 16317205630596
565 5 4727652573517
566 5 1929175355638
567 5 19115682848475
568 5 10675600146125
569 5 10369258057988
570 5 19657086588064
571 5 1387771616049
572 5 14690350392175
573 5 6354507811938
574 5 16588960122309
575 5 4455898081804
576 5 18973937412219
577 5 2070920791894
578 5 19734824006160
579 5 1310034197953
580 5 10779840268238
581 5 10265017935875
582 5 5233518794707
583 5 15811339409406
584 5 5428612856857
585 5 15616245347256
586 5 9025412752217
587 5 12019445451896
588 5 4954113695692
589 5 16090744508421
590 5 2212666228150
591 5 18832191975963
592 5 15153013311877
593 5 5891844892236
594 5 11066736569328
595 5 9978121634785
596 5 16119757893802
597 5 4925100310311
598 5 824787868405
599 5 20220070335708
600 5 2834551000462
601 5 18210307203651
602 5 10473655586519
603 5 10571202617594
604 5 6741327315067
605 5 14303530889046
606 5 13197966936109
607 5 7846891268004
608 5 18888497222820
609 5 2156360981293
610 5 4286170772501
611 5 16758687431612
612 5 15310368259821
613 5 5734489944292
614 5 2050156220953
615 5 18994701983160
616 5 19979953308509
617 5 1064904895604
618 5 1743814132816
619 5 19301044071297
620 5 5515650105132
621 5 15529208098981
622 5 8291193337230
623 5 12753664866883
624 5 15713792378331
625 5 5331065825782
626 5 1437472044679
627 5 19607386159434
628 5 19991679628634
629 5 1053178575479
630 5 1192798482638
631 5 19852059721475
632 5 7680955789348
633 5 13363902414765
634 5 1695496593100
635 5 19349361611013
636 6 15694257328947
637 6 5350600875166
638 6 20615120063366
639 6 429738140747
640 6 14368483506702
641 6 6676374697411
642 6 12190947453237
643 6 8853910750876
644 6 7317814011044
645 6 13727044193069
646 6 9867343570067
647 6 11177514634046
648 6 19883056262528
649 6 1161801941585
650 6 18434015398798
651 6 2610842805315
652 6 6960268714493
653 6 14084589489620
654 6 8856195574768
655 6 12188662629345
656 6 6438064248385
657 6 14606793955728
658 6 8777436372531
659 6 12267421831582
660 6 879142653736
661 6 20165715550377
662 6 1959544159749
663 6 19085314044364
664 6 18485790536819
665 6 2559067667294
666 6 17851588038768
667 6 3193270165345
668 6 18287571826200
669 6 2757286377913
670 6 17276521890704
671 6 3768336313409
672 6 5242822366593
673 6 15802035837520
674 6 6530306867706
675 6 14514551336407
676 6 8269639432056
677 6 12775218772057
678 6 4019932922002
679 6 17024925282111
680 6 19161759102747
681 6 1883099101366
682 6 20297246156077
683 6 747612048036
684 6 12779494993411
685 6 8265363210702
686 6 18169559013633
687 6 2875299190480
688 6 14471575961454
689 6 6573282242659
690 6 551038532468
691 6 20493819671645
692 6 16675730091326
693 6 4369128112787
694 6 9695759173224
695 6 11349099030889
696 6 17367195513861
697 6 3677662690252
698 6 20845422649572
699 6 199435554541
700 6 17661470464825
701 6 3383387739288
702 6 18686442935282
703 6 2358415268831
704 6 5865747382624
705 6 15179110821489
706 6 15649993547261
707 6 5394864656852
708 6 10684867031156
709 6 10359991172957
710 6 7675359307595
711 6 13369498896518
712 6 12705926255670
713 6 8338931948443
714 6 2645001187152
715 6 18399857016961
716 6 737243026592
717 6 20307615177521
718 6 20061251636174
719 6 983606567939
720 6 20405395498270
721 6 639462705843
722 6 12853063731152
723 6 8191794472961
724 6 20824844628462
725 6 220013575651
726 6 1079489857145
727 6 19965368346968
728 6 16541416974789
729 6 4503441229324
730 6 687465867425
731 6 20357392336688
732 6 4370523286552
733 6 16674334917561
734 6 2293850260225
735 6 18751007943888
736 6 905727809629
737 6 20139130394484
738 6 104862282548
739 6 20939995921565
740 6 14917444783854
741 6 6127413420259
742 7 7901041881319
743 7 13143816322794
744 7 4731072352541
745 7 16313785851572
746 7 19038801014745
747 7 2006057189368
748 7 3126349804306
749 7 17918508399807
750 7 9733001574100
751 7 11311856630013
752 7 6230241569586
753 7 14814616634527
754 7 9894279642335
755 7 11150578561778
756 7 11140542615640
757 7 9904315588473
758 7 15138009488043
759 7 5906848716070
760 7 9084465056023
761 7 11960393148090
762 7 6664814854152
763 7 14380043349961
764 7 10438304860355
765 7 10606553343758
766 7 11080218852390
767 7 9964639351723
768 7 1923637939322
769 7 19121220264791
770 7 15162692940514
771 7 5882165263599
772 7 4353853735146
773 7 16691004468967
774 7 19696578229649
775 7 1348279974464
776 7 146695715950
777 7 20898162488163
778 7 12142179469217
779 7 8902678734896
780 7 19174807319250
781 7 1870050884863
782 7 4154796940656
783 7 16890061263457
784 7 14466540328540
785 7 6578317875573
786 7 18811452971093
787 7 2233405233020
788 7 11667001716190
789 7 9377856487923
790 7 5918736732157
791 7 15126121471956
792 7 20431106238693
793 7 613751965420
794 7 14067748123884
795 7 6977110080229
796 7 7036441625172
797 7 14008416578941
798 7 19604819954083
799 7 1440038250030
800 7 6501928395856
801 7 14542929808257
802 7 14404245090690
803 7 6640613113423
804 7 396683491495
805 7 20648174712618
806 7 3026772216010
807 7 18018085988103
808 7 307521062012
809 7 20737337142101
810 7 16704976527869
811 7 4339881676244
812 7 14235996607287
813 7 6808861596826
814 7 4118149379477
815 7 16926708824636
816 7 19622817791436
817 7 1422040412677
818 7 10021610675268
819 7 11023247528845
820 7 18005640764124
821 7 3039217439989
822 7 559465970186
823 7 20485392233927
824 7 11907589295627
825 7 9137268908486
826 7 15696624576588
827 7 5348233627525
828 7 16311666700612
829 7 4733191503501
830 7 16852497404295
831 7 4192360799818
832 7 11440789972819
833 7 9604068231294
834 7 8002072819300
835 7 13042785384813
836 7 7877159940693
837 7 13167698263420
838 7 6304116146617
839 7 14740742057496
840 7 20258336307075
841 7 786521897038
842 7 18283831583782
843 7 2761026620331
844 7 8791073624123
845 7 12253784579990
846 7 1898845873466
847 7 19146012330647
848 8 13874467329918
849 8 7170390874195
850 8 3683686638192
851 8 17361171565921
852 8 12598099992825
853 8 8446758211288
854 8 5335017823716
855 8 15709840380397
856 8 15949467858250
857 8 5095390345863
858 8 13184098485883
859 8 7860759718230
860 8 5487482578719
861 8 15557375625394
862 8 2709900485970
863 8 18334957718143
864 8 9123630665487
865 8 11921227538626
866 8 2601552292227
867 8 18443305911886
868 8 9351830322051
869 8 11693027882062
870 8 17811548451332
871 8 3233309752781
872 8 16921619416940
873 8 4123238787173
874 8 860279222850
875 8 20184578981263
876 8 9342132376467
877 8 11702725827646
878 8 20326795479489
879 8 718062724624
880 8 11005472569973
881 8 10039385634140
882 8 19983172696462
883 8 1061685507651
884 8 1015116955099
885 8 20029741249014
886 8 1792908059794
887 8 19251950144319
888 8 7419656450385
889 8 13625201753728
890 8 12806808552460
891 8 8238049651653
892 8 10256902432814
893 8 10787955771299
894 8 9816577248221
895 8 11228280955892
896 8 18226609524400
897 8 2818248679713
898 8 6453569514552
899 8 14591288689561
900 8 5069373810293
901 8 15975484393820
902 8 12373415777488
903 8 8671442426625
904 8 17913060979258
905 8 3131797224855
906 8 6507094053534
907 8 14537764150579
908 8 7915704872803
909 8 13129153331310
910 8 15461343513898
911 8 5583514690215
912 8 9508864888258
913 8 11535993315855
914 8 4791307866466
915 8 16253550337647
916 8 15166130423147
917 8 5878727780966
918 8 16307828994648
919 8 4737029209465
920 8 5063162845091
921 8 15981695359022
922 8 7170311193034
923 8 13874547011079
924 8 10386501612744
925 8 10658356591369
926 8 5288301599464
927 8 15756556604649
928 8 7384651534318
929 8 13660206669795
930 8 3042245382696
931 8 18002612821417
932 8 11153864575685
933 8 9890993628428
934 8 7455983797042
935 8 13588874407071
936 8 15842949262054
937 8 5201908942059
938 8 12605855643785
939 8 8439002560328
940 8 5843797232873
941 8 15201060971240
942 8 3999101042717
943 8 17045757161396
944 8 13480502525540
945 8 7564355678573
946 8 19077651595533
947 8 1967206608580
948 8 7758354519215
949 8 13286503684898
950 8 20009802345511
951 8 1035055858602
952 8 9579354812344
953 8 11465503391769
954 9 17390809876166
955 9 3654048327947
956 9 17717910473791
957 9 3326947730322
958 9 10962333064989
959 9 10082525139124
960 9 14861186980631
961 9 6183671223482
962 9 407099334930
963 9 20637758869183
964 9 16527546685613
965 9 4517311518500
966 9 5711603715190
967 9 15333254488923
968 9 4849186003489
969 9 16195672200624
970 9 3185883697028
971 9 17858974507085
972 9 7031931072922
973 9 14012927131191
974 9 18455138503302
975 9 2589719700811
976 9 11304491021791
977 9 9740367182322
978 9 4945499548758
979 9 16099358655355
980 9 1093680384223
981 9 19951177819890
982 9 18393602178748
983 9 2651256025365
984 9 7977433682427
985 9 13067424521686
986 9 11419310331529
987 9 9625547872584
988 9 5182098767537
989 9 15862759436576
990 9 1720938324551
991 9 19323919879562
992 9 17759796040093
993 9 3285062164020
994 9 7252154901822
995 9 13792703302291
996 9 11557457169199
997 9 9487401034914
998 9 8961487094867
999 9 12083371109246
1000 9 1117623066546
1001 9 19927235137567
1002 9 16596114498004
1003 9 4448743706109
1004 9 17078922204367
1005 9 3965935999746
1006 9 4783507074038
1007 9 16261351130075
1008 9 17492679905472
1009 9 3552178298641
1010 9 3101717162003
1011 9 17943141042110
1012 9 6705115400488
1013 9 14339742803625
1014 9 2055106091785
1015 9 18989752112328
1016 9 11289245581466
1017 9 9755612622647
1018 9 15443780055783
1019 9 5601078148330
1020 9 15168092296406
1021 9 5876765907707
1022 9 16859969219929
1023 9 4184888984184
1024 9 7582534899436
1025 9 13462323304677
1026 9 13778786438642
1027 9 7266071765471
1028 9 2781662635638
1029 9 18263195568475
1030 9 11273662062741
1031 9 9771196141372
1032 9 17662146739070
1033 9 3382711465043
1034 9 16847948069210
1035 9 4196910134903
1036 9 2568512795183
1037 9 18476345408930
1038 9 19025648575953
1039 9 2019209628160
1040 9 20636072666967
1041 9 408785537146
1042 9 11722647168006
1043 9 9322211036107
1044 9 8627523702070
1045 9 12417334502043
1046 9 5825307474623
1047 9 15219550729490
1048 9 7898998033401
1049 9 13145860170712
1050 9 12211370474544
1051 9 8833487729569
1052 9 10409813817897
1053 9 10635044386216
1054 9 3227652509151
1055 9 17817205694962
1056 9 13808637907199
1057 9 7236220296914
1058 9 18448711898521
1059 9 2596146305592
1060 10 8683418151869
1061 10 12361440052244
1062 10 7386755120219
1063 10 13658103083894
1064 10 14631030813381
1065 10 6413827390732
1066 10 13866420459026
1067 10 7178437745087
1068 10 16437229437952
1069 10 4607628766161
1070 10 143072671576
1071 10 20901785532537
1072 10 13482264419364
1073 10 7562593784749
1074 10 18253168659962
1075 10 2791689544151
1076 10 2955267880401
1077 10 18089590323712
1078 10 10058285470290
1079 10 10986572733823
1080 10 1513382082972
1081 10 19531476121141
1082 10 82620121059
1083 10 20962238083054
1084 10 8105495561086
1085 10 12939362643027
1086 10 3630528933073
1087 10 17414329271040
1088 10 7101083319234
1089 10 13943774884879
1090 10 11181116246854
1091 10 9863741957259
1092 10 17724373205144
1093 10 3320484998969
1094 10 18595620151202
1095 10 2449238052911
1096 10 14604735853351
1097 10 6440122350762
1098 10 19893280913136
1099 10 1151577290977
1100 10 12890506123203
1101 10 8154352080910
1102 10 6380263569915
1103 10 14664594634198
1104 10 4064961910499
1105 10 16979896293614
1106 10 19270903798106
1107 10 1773954406007
1108 10 15917270289147
1109 10 5127587914966
1110 10 18342605237457
1111 10 2702252966656
1112 10 2702241669540
1113 10 18342616534573
1114 10 3274543652960
1115 10 17770314551153
1116 10 925940416922
1117 10 20118917787191
1118 10 4437200366264
1119 10 16607657837849
1120 10 7786608284578
1121 10 13258249919535
1122 10 11997206479034
1123 10 9047651725079
1124 10 20180845335317
1125 10 864012868796
1126 10 14709203700360
1127 10 6335654503753
1128 10 10336309874174
1129 10 10708548329939
1130 10 9228143685944
1131 10 11816714518169
1132 10 1708808162268
1133 10 19336050041845
1134 10 3765920430446
1135 10 17278937773667
1136 10 8359773813713
1137 10 12685084390400
1138 10 3846834339264
1139 10 17198023864849
1140 10 8711360178766
1141 10 12333498025347
1142 10 20653424331440
1143 10 391433872673
1144 10 3461297707891
1145 10 17583560496222
1146 10 20214409901683
1147 10 830448302430
1148 10 12981177962768
1149 10 8063680241345
1150 10 4809438822029
1151 10 16235419382084
1152 10 3560688996112
1153 10 17484169208001
1154 10 18659406083814
1155 10 2385452120299
1156 10 6605362592880
1157 10 14439495611233
1158 10 14274255369115
1159 10 6770602834998
1160 10 1063530183355
1161 10 19981328020758
1162 10 10648936558929
1163 10 10395921645184
1164 10 16070835251589
1165 10 4974022952524
1166 11 14640877230377
1167 11 6403980973736
1168 11 1831730879222
1169 11 19213127324891
1170 11 4351289589622
1171 11 16693568614491
1172 11 15125149523233
1173 11 5919708680880
1174 11 9402680461965
1175 11 11642177742148
1176 11 6310725439588
1177 11 14734132764525
1178 11 8550222719771
1179 11 12494635484342
1180 11 10203847608497
1181 11 10841010595616
1182 11 4161329895920
1183 11 16883528308193
1184 11 18143963733301
1185 11 2900894470812
1186 11 10255138204159
1187 11 10789719999954
1188 11 20006105697482
1189 11 1038752506631
1190 11 9473475016018
1191 11 11571383188095
1192 11 13105803486999
1193 11 7939054717114
1194 11 6564356229256
1195 11 14480501974857
1196 11 2272467485323
1197 11 18772390718790
1198 11 13891279746144
1199 11 7153578457969
1200 11 10009256256028
1201 11 11035601948085
1202 11 8976451590868
1203 11 12068406613245
1204 11 16373496088153
1205 11 4671362115960
1206 11 4821441564344
1207 11 16223416639769
1208 11 12413773630913
1209 11 8631084573200
1210 11 1765178466140
1211 11 19279679737973
1212 11 5997108053793
1213 11 15047750150320
1214 11 666431537820
1215 11 20378426666293
1216 11 6404634418210
1217 11 14640223785903
1218 11 8678713033233
1219 11 12366145170880
1220 11 3466146320322
1221 11 17578711883791
1222 11 762567287632
1223 11 20282290916481
1224 11 12843139155873
1225 11 8201719048240
1226 11 5842309307967
1227 11 15202548896146
1228 11 10309314666508
1229 11 10735543537605
1230 11 19903853020433
1231 11 1141005183680
1232 11 15018086910476
1233 11 6026771293637
1234 11 10483729415600
1235 11 10561128788513
1236 11 5687510562141
1237 11 15357347641972
1238 11 17681726669727
1239 11 3363131534386
1240 11 11466860307355
1241 11 9577997896758
1242 11 19591766379203
1243 11 1453091824910
1244 11 2298598205508
1245 11 18746259998605
1246 11 4306726246133
1247 11 16738131957980
1248 11 2828983333203
1249 11 18215874870910
1250 11 16941548896672
1251 11 4103309307441
1252 11 12338593337547
1253 11 8706264866566
1254 11 5938298051133
1255 11 15106560152980
1256 11 19435723058588
1257 11 1609135145525
1258 11 15667222922434
1259 11 5377635281679
1260 11 383605074726
1261 11 20661253129387
1262 11 18836040130057
1263 11 2208818074056
1264 11 10444407441749
1265 11 10600450762364
1266 11 2743936551082
1267 11 18300921653031
1268 11 18678545529096
1269 11 2366312675017
1270 11 14175194307774
1271 11 6869663896339
1272 12 9022670062455
1273 12 12022188141658
1274 12 14403654967132
1275 12 6641203236981
1276 12 10833293150746
1277 12 10211565053367
1278 12 16296183280983
1279 12 4748674923130
1280 12 19800480653023
1281 12 1244377551090
1282 12 8991325264520
1283 12 12053532939593
1284 12 5510546293565
1285 12 15534311910548
1286 12 11378833497273
1287 12 9666024706840
1288 12 19959818568396
1289 12 1085039635717
1290 12 4533566563883
1291 12 16511291640230
1292 12 19402280719645
1293 12 1642577484468
1294 12 17174958265394
1295 12 3869899938719
1296 12 6719643190740
1297 12 14325215013373
1298 12 3493172528441
1299 12 17551685675672
1300 12 6520532186916
1301 12 14524326017197
1302 12 2140090102788
1303 12 18904768101325
1304 12 17709925484221
1305 12 3334932719892
1306 12 6355641145874
1307 12 14689217058239
1308 12 16475890883999
1309 12 4568967320114
1310 12 5622083930473
1311 12 15422774273640
1312 12 10266126257213
1313 12 10778731946900
1314 12 2711491981892
1315 12 18333366222221
1316 12 7484852993394
1317 12 13560005210719
1318 12 9535275752142
1319 12 11509582451971
1320 12 5565707683654
1321 12 15479150520459
1322 12 3536239593736
1323 12 17508618610377
1324 12 2538912623589
1325 12 18505945580524
1326 12 12534793831345
1327 12 8510064372768
1328 12 430964853368
1329 12 20613893350745
1330 12 297223747728
1331 12 20747634456385
1332 12 11400460044279
1333 12 9644398159834
1334 12 15776823502604
1335 12 5268034701509
1336 12 8365062650453
1337 12 12679795553660
1338 12 14424770515285
1339 12 6620087688828
1340 12 7615866195247
1341 12 13428992008866
1342 12 15608876807736
1343 12 5435981396377
1344 12 1881483651013
1345 12 19163374553100
1346 12 14126104009549
1347 12 6918754194564
1348 12 49777750956
1349 12 20995080453157
1350 12 7503132943717
1351 12 13541725260396
1352 12 20198680586401
1353 12 846177617712
1354 12 9088833465998
1355 12 11956024738115
1356 12 13007834578947
1357 12 8037023625166
1358 12 10238845655290
1359 12 10806012548823
1360 12 14741862731473
1361 12 6302995472640
1362 12 6555380203514
1363 12 14489478000599
1364 12 9999790309856
1365 12 11045067894257
1366 12 18718387870339
1367 12 2326470333774
1368 12 3852898893221
1369 12 17191959310892
1370 12 11433466393052
1371 12 9611391811061
1372 12 20845758237424
1373 12 199099966689
1374 12 13271505470096
1375 12 7773352734017
1376 12 10088922063925
1377 12 10955936140188
1378 13 11043910236506
1379 13 10000947967607
1380 13 5266370119676
1381 13 15778488084437
1382 13 13986393930430
1383 13 7058464273683
1384 13 8633804636733
1385 13 12411053567380
1386 13 11683958136378
1387 13 9360900067735
1388 13 4438581068454
1389 13 16606277135659
1390 13 11663335861787
1391 13 9381522342326
1392 13 17661348379918
1393 13 3383509824195
1394 13 19893640307087
1395 13 1151217897026
1396 13 3217255076462
1397 13 17827603127651
1398 13 13903904832066
1399 13 7140953372047
1400 13 18728601104860
1401 13 2316257099253
1402 13 5202698184822
1403 13 15842160019291
1404 13 11704580410969
1405 13 9340277793144
1406 13 18667644761074
1407 13 2377213443039
1408 13 17835443440541
1409 13 3209414763572
1410 13 3879377750655
1411 13 17165480453458
1412 13 15377110830777
1413 13 5667747373336
1414 13 9596424694675
1415 13 11448433509438
1416 13 5789623416868
1417 13 15255234787245
1418 13 17107243602008
1419 13 3937614602105
1420 13 3208794008351
1421 13 17836064195762
1422 13 11965649644841
1423 13 9079208559272
1424 13 5826140129810
1425 13 15218718074303
1426 13 3106457435240
1427 13 17938400768873
1428 13 751082153808
1429 13 20293776050305
1430 13 12350013793417
1431 13 8694844410696
1432 13 875049135423
1433 13 20169809068690
1434 13 16268207449891
1435 13 4776650754222
1436 13 13256316301224
1437 13 7788541902889
1438 13 2085605787342
1439 13 18959252416771
1440 13 13477390328962
1441 13 7567467875151
1442 13 12260650282734
1443 13 8784207921379
1444 13 9493641046394
1445 13 11551217157719
1446 13 2260848801568
1447 13 18784009402545
1448 13 5945977535782
1449 13 15098880668331
1450 13 7380005583035
1451 13 13664852621078
1452 13 6883706365887
1453 13 14161151838226
1454 13 19740415677439
1455 13 1304442526674
1456 13 608370023114
1457 13 20436488180999
1458 13 20566655066666
1459 13 478203137447
1460 13 11413751934117
1461 13 9631106269996
1462 13 11443711285610
1463 13 9601146918503
1464 13 2412348136397
1465 13 18632510067716
1466 13 20474674217797
1467 13 570183986316
1468 13 10383902907579
1469 13 10660955296534
1470 13 12434428060063
1471 13 8610430144050
1472 13 614583152441
1473 13 20430275051672
1474 13 11209645820785
1475 13 9835212383328
1476 13 18215453157828
1477 13 2829405046285
1478 13 10069277848153
1479 13 10975580355960
1480 13 14520352597861
1481 13 6524505606252
1482 13 12086576900480
1483 13 8958281303633
1484 14 13876720605908
1485 14 7168137598205
1486 14 20101569449036
1487 14 943288755077
1488 14 14658514536384
1489 14 6386343667729
1490 14 12734654674749
1491 14 8310203529364
1492 14 16115334947910
1493 14 4929523256203
1494 14 9711725819863
1495 14 11333132384250
1496 14 13284292156099
1497 14 7760566048014
1498 14 5026450788536
1499 14 16018407415577
1500 14 17119533734682
1501 14 3925324469431
1502 14 19182894704334
1503 14 1861963499779
1504 14 15018786537067
1505 14 6026071667046
1506 14 5560102211257
1507 14 15484755992856
1508 14 5250775065293
1509 14 15794083138820
1510 14 20016163470516
1511 14 1028694733597
1512 14 20362346863456
1513 14 682511340657
1514 14 15375451818894
1515 14 5669406385219
1516 14 15498127170295
1517 14 5546731033818
1518 14 4605612959312
1519 14 16439245244801
1520 14 5349909226239
1521 14 15694948977874
1522 14 2408015936962
1523 14 18636842267151
1524 14 2727502859374
1525 14 18317355344739
1526 14 4574744555360
1527 14 16470113648753
1528 14 4154889582604
1529 14 16889968621509
1530 14 2893200675216
1531 14 18151657528897
1532 14 9106129426115
1533 14 11938728777998
1534 14 20109215431750
1535 14 935642772363
1536 14 7459804452201
1537 14 13585053751912
1538 14 11202375541653
1539 14 9842482662460
1540 14 17378300294770
1541 14 3666557909343
1542 14 1114100712117
1543 14 19930757491996
1544 14 1945479385661
1545 14 19099378818452
1546 14 10018757482573
1547 14 11026100721540
1548 14 7115457156659
1549 14 13929401047454
1550 14 1163219033778
1551 14 19881639170335
1552 14 15456339296638
1553 14 5588518907475
1554 14 17782777364194
1555 14 3262080839919
1556 14 12405271573306
1557 14 8639586630807
1558 14 11369631993435
1559 14 9675226210678
1560 14 16824892349596
1561 14 4219965854517
1562 14 11571860005127
1563 14 9472998198986
1564 14 15542483590658
1565 14 5502374613455
1566 14 18044179981842
1567 14 3000678222271
1568 14 20058866459776
1569 14 985991744337
1570 14 21023506709483
1571 14 21351494630
1572 14 17327624841364
1573 14 3717233362749
1574 14 5770295196275
1575 14 15274563007838
1576 14 9393333384777
1577 14 11651524819336
1578 14 14079012366923
1579 14 6965845837190
1580 14 6945180848050
1581 14 14099677356063
1582 14 2659054308191
1583 14 18385803895922
1584 14 19141136761393
1585 14 1903721442720
1586 14 20939761711604
1587 14 105096492509
1588 14 16157602471688
1589 14 4887255732425
1590 15 7279322877448
1591 15 13765535326665
1592 15 19743446829732
1593 15 1301411374381
1594 15 523630450653
1595 15 20521227753460
1596 15 2190701007730
1597 15 18854157196383
1598 15 14444141498024
1599 15 6600716706089
1600 15 11976667428822
1601 15 9068190775291
1602 15 18134336783237
1603 15 2910521420876
1604 15 9679498584829
1605 15 11365359619284
1606 15 18116964396364
1607 15 2927893807749
1608 15 16591717215903
1609 15 4453140988210
1610 15 2158721747081
1611 15 18886136457032
1612 15 6232061976142
1613 15 14812796227971
1614 15 16863112203999
1615 15 4181746000114
1616 15 13832786691234
1617 15 7212071512879
1618 15 20095406455272
1619 15 949451748841
1620 15 11496249218009
1621 15 9548608986104
1622 15 14964208706317
1623 15 6080649497796
1624 15 11671013524053
1625 15 9373844680060
1626 15 5069982660314
1627 15 15974875543799
1628 15 9901774798846
1629 15 11143083405267
1630 15 3630341834022
1631 15 17414516370091
1632 15 46270780823
1633 15 20998587423290
1634 15 3322976919018
1635 15 17721881285095
1636 15 359910206573
1637 15 20684947997540
1638 15 9451384675774
1639 15 11593473528339
1640 15 12608319237532
1641 15 8436538966581
1642 15 8005886940607
1643 15 13038971263506
1644 15 18881891959221
1645 15 2162966244892
1646 15 3834106669656
1647 15 17210751534457
1648 15 15145990849509
1649 15 5898867354604
1650 15 8770584482372
1651 15 12274273721741
1652 15 2176684243312
1653 15 18868173960801
1654 15 6771021931298
1655 15 14273836272815
1656 15 18515970210448
1657 15 2528887993665
1658 15 19009826502888
1659 15 2035031701225
1660 15 215326012987
1661 15 20829532191126
1662 15 1195037825598
1663 15 19849820378515
1664 15 2436346432019
1665 15 18608511772094
1666 15 20297771720681
1667 15 747086483432
1668 15 13828360469702
1669 15 7216497734411
1670 15 7144582888659
1671 15 13900275315454
1672 15 17182312926346
1673 15 3862545277767
1674 15 12177667211558
1675 15 8867190992555
1676 15 13088027976534
1677 15 7956830227579
1678 15 15860057129277
1679 15 5184801074836
1680 15 8887213288332
1681 15 12157644915781
1682 15 7393040321468
1683 15 13651817882645
1684 15 17352036833507
1685 15 3692821370606
1686 15 2282842502432
1687 15 18762015701681
1688 15 5548406312222
1689 15 15496451891891
1690 15 11166401710953
1691 15 9878456493160
1692 15 4110606476797
1693 15 16934251727316
1694 15 18701053333740
1695 15 2343804870373
1696 16 5226061736474
1697 16 15818796467639
1698 16 10934088119990
1699 16 10110770084123
1700 16 2268483667391
1701 16 18776374536722
1702 16 12095956320290
1703 16 8948901883823
1704 16 13781969761278
1705 16 7262888442835
1706 16 6327926904872
1707 16 14716931299241
1708 16 7379508204663
1709 16 13665349999450
1710 16 17404062214736
1711 16 3640795989377
1712 16 19584097270151
1713 16 1460760933962
1714 16 17441469286574
1715 16 3603388917539
1716 16 15860949897349
1717 16 5183908306764
1718 16 5960638515406
1719 16 15084219688707
1720 16 9359959575671
1721 16 11684898628442
1722 16 1151535956905
1723 16 19893322247208
1724 16 20816139483782
1725 16 228718720331
1726 16 7354706970222
1727 16 13690151233891
1728 16 10518295562983
1729 16 10526562641130
1730 16 13673617077597
1731 16 7371241126516
1732 16 10884980896293
1733 16 10159877307820
1734 16 12028413252798
1735 16 9016444951315
1736 16 1085399331729
1737 16 19959458872384
1738 16 1898183215541
1739 16 19146674988572
1740 16 7387775282810
1741 16 13657082921303
1742 16 3633321776127
1743 16 17411536427986
1744 16 19136375218683
1745 16 1908482985430
1746 16 2878285329066
1747 16 18166572875047
1748 16 19233811977384
1749 16 1811046226729
1750 16 7302265812089
1751 16 13742592392024
1752 16 14565910427891
1753 16 6478947776222
1754 16 20534916967348
1755 16 509941236765
1756 16 2428365878963
1757 16 18616492325150
1758 16 784696839580
1759 16 20260161364533
1760 16 13594570457126
1761 16 7450287746987
1762 16 2153181740593
1763 16 18891676463520
1764 16 15389228463758
1765 16 5655629740355
1766 16 10082793494400
1767 16 10962064709713
1768 16 1113785085942
1769 16 19931073118171
1770 16 4910151517024
1771 16 16134706687089
1772 16 183644194733
1773 16 20861214009380
1774 16 6695215294338
1775 16 14349642909775
1776 16 7378535147256
1777 16 13666323056857
1778 16 9525505633680
1779 16 11519352570433
1780 16 16214853350759
1781 16 4830004853354
1782 16 369329978548
1783 16 20675528225565
1784 16 842310979848
1785 16 20202547224265
1786 16 8706517948106
1787 16 12338340256007
1788 16 13293331482835
1789 16 7751526721278
1790 16 3559130867887
1791 16 17485727336226
1792 16 1248601193861
1793 16 19796257010252
1794 16 18318937096060
1795 16 2725921108053
1796 16 18316201162399
1797 16 2728657041714
1798 16 5053596094485
1799 16 15991262109628
1800 16 3145382893658
1801 16 17899475310455
1802 17 11705953728674
1803 17 9338904475439
1804 17 503957284552
1805 17 20540900919561
1806 17 9916103745717
1807 17 11128754458396
1808 17 20848445540736
1809 17 196412663377
1810 17 720589043603
1811 17 20324269160510
1812 17 4780564779584
1813 17 16264293424529
1814 17 5861205874366
1815 17 15183652329747
1816 17 8761705205161
1817 17 12283152998952
1818 17 2492851627203
1819 17 18552006576910
1820 17 3994914126076
1821 17 17049944078037
1822 17 4813752055289
1823 17 16231106148824
1824 17 17617618669856
1825 17 3427239534257
1826 17 19615276608464
1827 17 1429581595649
1828 17 875502619960
1829 17 20169355584153
1830 17 2002971079091
1831 17 19041887125022
1832 17 8534825200752
1833 17 12510033003361
1834 17 2262576210075
1835 17 18782281994038
1836 17 11948954315261
1837 17 9095903888852
1838 17 15921105136989
1839 17 5123753067124
1840 17 1275587922607
1841 17 19769270281506
1842 17 246747071867
1843 17 20798111132246
1844 17 3172700175636
1845 17 17872158028477
1846 17 14910968179202
1847 17 6133890024911
1848 17 2931460330258
1849 17 18113397873855
1850 17 7549054492482
1851 17 13495803711631
1852 17 20756258568974
1853 17 288599635139
1854 17 16635062687071
1855 17 4409795517042
1856 17 18499231997153
1857 17 2545626206960
1858 17 20283690706876
1859 17 761167497237
1860 17 8623178370707
1861 17 12421679833406
1862 17 3209263472568
1863 17 17835594731545
1864 17 3602088799322
1865 17 17442769404791
1866 17 11199091724720
1867 17 9845766479393
1868 17 13728812400123
1869 17 7316045803990
1870 17 12597914368692
1871 17 8446943835421
1872 17 16833567264979
1873 17 4211290939134
1874 17 12629120528889
1875 17 8415737675224
1876 17 14075050904608
1877 17 6969807299505
1878 17 7689653200637
1879 17 13355205003476
1880 17 17017251505422
1881 17 4027606698691
1882 17 12206606225638
1883 17 8838251978475
1884 17 11070502286273
1885 17 9974355917840
1886 17 10651034208399
1887 17 10393823995714
1888 17 16099924848532
1889 17 4944933355581
1890 17 10197949075341
1891 17 10846909128772
1892 17 8263952589556
1893 17 12780905614557
1894 17 12988369093425
1895 17 8056489110688
1896 17 19275776137772
1897 17 1769082066341
1898 17 15640068805855
1899 17 5404789398258
1900 17 13178966464506
1901 17 7865891739607
1902 17 2770112851928
1903 17 18274745352185
1904 17 13246874422123
1905 17 7797983781990
1906 17 5652469026340
1907 17 15392389177773
1908 18 7262795910448
1909 18 13782062293665
1910 18 20576671634733
1911 18 468186569380
1912 18 19372971482009
1913 18 1671886722104
1914 18 17896187631532
1915 18 3148670572581
1916 18 5754970836880
1917 18 15289887367233
1918 18 11592677485975
1919 18 9452180718138
1920 18 3201240087260
1921 18 17843618116853
1922 18 7576438549389
1923 18 13468419654724
1924 18 16547162443
1925 18 21028311041670
1926 18 1718961558078
1927 18 19325896646035
1928 18 4528080974358
1929 18 16516777229755
1930 18 9498581232422
1931 18 11546276971691
1932 18 4357769410198
1933 18 16687088793915
1934 18 13391640939275
1935 18 7653217264838
1936 18 6595954791561
1937 18 14448903412552
1938 18 11445737737189
1939 18 9599120466924
1940 18 9518369367910
1941 18 11526488836203
1942 18 7658434651630
1943 18 13386423552483
1944 18 18062683975873
1945 18 2982174228240
1946 18 9551463692796
1947 18 11493394511317
1948 18 7841193148477
1949 18 13203665055636
1950 18 11335998912975
1951 18 9708859291138
1952 18 9584558017682
1953 18 11460300186431
1954 18 13432809550241
1955 18 7612048653872
1956 18 14710419488538
1957 18 6334438715575
1958 18 19996452885480
1959 18 1048405318633
1960 18 8157532621182
1961 18 12887325582931
1962 18 1093574063729
1963 18 19951284140384
1964 18 6083265830030
1965 18 14961592374083
1966 18 5143796797171
1967 18 15901061406942
1968 18 3096101057902
1969 18 17948757146211
1970 18 13697384431977
1971 18 7347473772136
1972 18 15770501274415
1973 18 5274356929698
1974 18 16714596600346
1975 18 4330261603767
1976 18 11040708312666
1977 18 10004149891447
1978 18 12853705098792
1979 18 8191153105321
1980 18 14951600391119
1981 18 6093257812994
1982 18 5733364592156
1983 18 15311493611957
1984 18 14340764153254
1985 18 6704094050859
1986 18 11805669928404
1987 18 9239188275709
1988 18 10047867495067
1989 18 10996990709046
1990 18 10178530306567
1991 18 10866327897546
1992 18 782588419318
1993 18 20262269784795
1994 18 10058250504620
1995 18 10986607699493
1996 18 17484658591310
1997 18 3560199612803
1998 18 19647130907027
1999 18 1397727297086
2000 18 10835122849231
2001 18 10209735354882
2002 18 18389523507275
2003 18 2655334696838
2004 18 16174083811362
2005 18 4870774392751
2006 18 6310915350917
2007 18 14733942853196
2008 18 20324064281242
2009 18 720793922871
2010 18 5045567001177
2011 18 15999291202936
2012 18 5700696380640
2013 18 15344161823473
2014 19 3688437987228
2015 19 17356420216885
2016 19 6349675121928
2017 19 14695183082185
2018 19 7492248843472
2019 19 13552609360641
2020 19 4854741824969
2021 19 16190116379144
2022 19 13241581755257
2023 19 7803276448856
2024 19 19507852050180
2025 19 1537006153933
2026 19 16835501035927
2027 19 4209357168186
2028 19 998497495585
2029 19 20046360708528
2030 19 809833115535
2031 19 20235025088578
2032 19 18420469804291
2033 19 2624388399822
2034 19 10036452930625
2035 19 11008405273488
2036 19 570063135981
2037 19 20474795068132
2038 19 13906122718407
2039 19 7138735485706
2040 19 12288069095332
2041 19 8756789108781
2042 19 17479359650500
2043 19 3565498553613
2044 19 4101343122532
2045 19 16943515081581
2046 19 2945741481218
2047 19 18099116722895
2048 19 2053943537071
2049 19 18990914667042
2050 19 7632623109083
2051 19 13412235095030
2052 19 3045243492292
2053 19 17999614711821
2054 19 17223212452630
2055 19 3821645751483
2056 19 9499056103703
2057 19 11545802100410
2058 19 12314272925623
2059 19 8730585278490
2060 19 19423264336226
2061 19 1621593867887
2062 19 16002619720651
2063 19 5042238483462
2064 19 17038441224015
2065 19 4006416980098
2066 19 5120693801066
2067 19 15924164403047
2068 19 77756901346
2069 19 20967101302767
2070 19 20722547386274
2071 19 322310817839
2072 19 8114304054240
2073 19 12930554149873
2074 19 19996609702991
2075 19 1048248501122
2076 19 13397095557949
2077 19 7647762646164
2078 19 649641525024
2079 19 20395216679089
2080 19 12222191128382
2081 19 8822667075731
2082 19 12414930538261
2083 19 8629927665852
2084 19 5209548849966
2085 19 15835309354147
2086 19 11637605814630
2087 19 9407252389483
2088 19 13959762953997
2089 19 7085095250116
2090 19 2276255282257
2091 19 18768602921856
2092 19 12850152095181
2093 19 8194706108932
2094 19 6925639539778
2095 19 14119218664335
2096 19 4250279304059
2097 19 16794578900054
2098 19 11331729490194
2099 19 9713128713919
2100 19 2589690937116
2101 19 18455167266997
2102 19 18998176710913
2103 19 2046681493200
2104 19 4069422578004
2105 19 16975435626109
2106 19 17182098430358
2107 19 3862759773755
2108 19 2920876917935
2109 19 18123981286178
2110 19 2069837210953
2111 19 18975020993160
2112 19 5829023399256
2113 19 15215834804857
2114 19 4276085382253
2115 19 16768772821860
2116 19 7828112409134
2117 19 13216745794979
2118 19 451236434678
2119 19 20593621769435
2120 20 6194682691990
2121 20 14850175512123
2122 20 11943847181962
2123 20 9101011022151
2124 20 13951264457548
2125 20 7093593746565
2126 20 16624487677211
2127 20 4420370526902
2128 20 15462367575578
2129 20 5582490628535
2130 20 13392139374402
2131 20 7652718829711
2132 20 9843213420643
2133 20 11201644783470
2134 20 8338368381562
2135 20 12706489822551
2136 20 7865619628110
2137 20 13179238576003
2138 20 17572925414301
2139 20 3471932789812
2140 20 6411738640183
2141 20 14633119563930
2142 20 1703507801248
2143 20 19341350402865
2144 20 20721656156549
2145 20 323202047564
2146 20 1495039289568
2147 20 19549818914545
2148 20 672318095492
2149 20 20372540108621
2150 20 7137233252556
2151 20 13907624951557
2152 20 11437992068267
2153 20 9606866135846
2154 20 12475181015853
2155 20 8569677188260
2156 20 7006314734583
2157 20 14038543469530
2158 20 16545943538581
2159 20 4498914665532
2160 20 10544248855052
2161 20 10500609349061
2162 20 18098840353215
2163 20 2946017850898
2164 20 15977755754914
2165 20 5067102449199
2166 20 18402978099211
2167 20 2641880104902
2168 20 2222644929984
2169 20 18822213274129
2170 20 3722466258215
2171 20 17322391945898
2172 20 15922018356909
2173 20 5122839847204
2174 20 13748717248236
2175 20 7296140955877
2176 20 3497498187121
2177 20 17547360016992
2178 20 5995217392883
2179 20 15049640811230
2180 20 13351809736855
2181 20 7693048467258
2182 20 4604495817715
2183 20 16440362386398
2184 20 10659239194609
2185 20 10385619009504
2186 20 1768659474673
2187 20 19276198729440
2188 20 4263388449864
2189 20 16781469754249
2190 20 15465259594989
2191 20 5579598609124
2192 20 20508936781720
2193 20 535921422393
2194 20 20941676513026
2195 20 103181691087
2196 20 20024486444173
2197 20 1020371759940
2198 20 20174234950245
2199 20 870623253868
2200 20 6124373120374
2201 20 14920485083739
2202 20 4050997002418
2203 20 16993861201695
2204 20 15256004193404
2205 20 5788854010709
2206 20 18455338174125
2207 20 2589520029988
2208 20 17654221075829
2209 20 3390637128284
2210 20 13863985445566
2211 20 7180872758547
2212 20 6304131969744
2213 20 14740726234369
2214 20 6359910639455
2215 20 14684947564658
2216 20 20234104031632
2217 20 810754172481
2218 20 14830908869472
2219 20 6213949334641
2220 20 19002578544335
2221 20 2042279659778
2222 20 14636914046882
2223 20 6407944157231
2224 20 17982919040038
2225 20 3061939164075
2226 21 750359900559
2227 21 20294498303554
2228 21 8649857332470
2229 21 12395000871643
2230 21 3906815180570
2231 21 17138043023543
2232 21 3838213471195
2233 21 17206644732918
2234 21 6067868825754
2235 21 14976989378359
2236 21 7708405658712
2237 21 13336452545401
2238 21 11151765141726
2239 21 9893093062387
2240 21 16318456558339
2241 21 4726401645774
2242 21 15561596609440
2243 21 5483261594673
2244 21 10143999127607
2245 21 10900859076506
2246 21 11385377750949
2247 21 9659480453164
2248 21 967639700372
2249 21 20077218503741
2250 21 15887537154303
2251 21 5157321049810
2252 21 6987561312978
2253 21 14057296891135
2254 21 2606236440908
2255 21 18438621763205
2256 21 77414498980
2257 21 20967443705133
2258 21 5342931834570
2259 21 15701926369543
2260 21 17299236306683
2261 21 3745621897430
2262 21 6372043135940
2263 21 14672815068173
2264 21 7753841441370
2265 21 13291016762743
2266 21 9428606068507
2267 21 11616252135606
2268 21 20737099115594
2269 21 307759088519
2270 21 17607473753459
2271 21 3437384450654
2272 21 9738264064427
2273 21 11306594139686
2274 21 13862330214286
2275 21 7182527989827
2276 21 7603079490016
2277 21 13441778714097
2278 21 10047922060347
2279 21 10996936143766
2280 21 20170602717121
2281 21 874255486992
2282 21 16860397970587
2283 21 4184460233526
2284 21 3264790820773
2285 21 17780067383340
2286 21 2330368766467
2287 21 18714489437646
2288 21 6240121543572
2289 21 14804736660541
2290 21 6432863354261
2291 21 14611994849852
2292 21 8158760652046
2293 21 12886097552067
2294 21 13641021075575
2295 21 7403837128538
2296 21 2249180832782
2297 21 18795677371331
2298 21 11326634235345
2299 21 9718223968768
2300 21 4812263097602
2301 21 16232595106511
2302 21 697692442217
2303 21 20347165761896
2304 21 6536391666298
2305 21 14508466537815
2306 21 15903851422249
2307 21 5141006781864
2308 21 17488200834663
2309 21 3556657369450
2310 21 9884657949831
2311 21 11160200254282
2312 21 3021810445781
2313 21 18023047758332
2314 21 5614589820353
2315 21 15430268383760
2316 21 313901432038
2317 21 20730956772075
2318 21 8479591985088
2319 21 12565266219025
2320 21 4226452974087
2321 21 16818405230026
2322 21 9327161435166
2323 21 11717696768947
2324 21 640770566205
2325 21 20404087637908
2326 21 13181183564654
2327 21 7863674639459
2328 21 7530577901669
2329 21 13514280302444
2330 21 15389532049559
2331 21 5655326154554
2332 22 11254190902243
2333 22 9790667301870
2334 22 8039048474126
2335 22 13005809729987
2336 22 4661728575899
2337 22 16383129628214
2338 22 18202502449238
2339 22 2842355754875
2340 22 17500144375007
2341 22 3544713829106
2342 22 164474541104
2343 22 20880383663009
2344 22 2329283108478
2345 22 18715575095635
2346 22 781792677052
2347 22 20263065527061
2348 22 10360235788732
2349 22 10684622415381
2350 22 8288050314444
2351 22 12756807889669
2352 22 12025844250046
2353 22 9019013954067
2354 22 16023416756969
2355 22 5021441447144
2356 22 12533383119146
2357 22 8511475084967
2358 22 5849186050854
2359 22 15195672153259
2360 22 19622810777358
2361 22 1422047426755
2362 22 6628088182270
2363 22 14416770021843
2364 22 12550696218612
2365 22 8494161985501
2366 22 20594631156191
2367 22 450227047922
2368 22 17587002111073
2369 22 3457856093040
2370 22 11455466003672
2371 22 9589392200441
2372 22 1797404481184
2373 22 19247453722929
2374 22 3088329099596
2375 22 17956529104517
2376 22 12520744807228
2377 22 8524113396885
2378 22 5794035891527
2379 22 15250822312586
2380 22 11204948478396
2381 22 9839909725717
2382 22 3761274480055
2383 22 17283583724058
2384 22 19811958234841
2385 22 1232899969272
2386 22 12003081111142
2387 22 9041777092971
2388 22 18184037819902
2389 22 2860820384211
2390 22 7159074644206
2391 22 13885783559907
2392 22 19150587465177
2393 22 1894270738936
2394 22 8809982925016
2395 22 12234875279097
2396 22 2191992384809
2397 22 18852865819304
2398 22 2895940575808
2399 22 18148917628305
2400 22 13487771529292
2401 22 7557086674821
2402 22 14848999864611
2403 22 6195858339502
2404 22 273807553735
2405 22 20771050650378
2406 22 1059912192523
2407 22 19984946011590
2408 22 4657792323353
2409 22 16387065880760
2410 22 1338031707994
2411 22 19706826496119
2412 22 2599860607424
2413 22 18444997596689
2414 22 11921952663865
2415 22 9122905540248
2416 22 17776047065357
2417 22 3268811138756
2418 22 11533897560604
2419 22 9510960643509
2420 22 10661488859792
2421 22 10383369344321
2422 22 20575094188974
2423 22 469764015139
2424 22 15600902743179
2425 22 5443955460934
2426 22 8866905385990
2427 22 12177952818123
2428 22 4208339169034
2429 22 16836519035079
2430 22 18473304254954
2431 22 2571553949159
2432 22 9182011561301
2433 22 11862846642812
2434 22 2247167322510
2435 22 18797690881603
2436 22 7659381939875
2437 22 13385476264238
2438 23 1699415208645
2439 23 19345442995468
2440 23 21032600139775
2441 23 12258064338
2442 23 793388840601
2443 23 20251469363512
2444 23 9844940658615
2445 23 11199917545498
2446 23 20083215965144
2447 23 961642238969
2448 23 4669237436662
2449 23 16375620767451
2450 23 16780335115627
2451 23 4264523088486
2452 23 95360958847
2453 23 20949497245266
2454 23 20856576579362
2455 23 188281624751
2456 23 11516757189055
2457 23 9528101015058
2458 23 9459375765522
2459 23 11585482438591
2460 23 5298479930175
2461 23 15746378273938
2462 23 17585972931348
2463 23 3458885272765
2464 23 18572794152920
2465 23 2472064051193
2466 23 17859044777371
2467 23 3185813426742
2468 23 17735034447935
2469 23 3309823756178
2470 23 7287136104172
2471 23 13757722099941
2472 23 12637239644498
2473 23 8407618559615
2474 23 5213855585107
2475 23 15831002619006
2476 23 4942923972984
2477 23 16101934231129
2478 23 3161297298066
2479 23 17883560906047
2480 23 12083368365438
2481 23 8961489838675
2482 23 10815022570869
2483 23 10229835633244
2484 23 20851695993476
2485 23 193162210637
2486 23 5870894468483
2487 23 15173963735630
2488 23 3136781169390
2489 23 17908077034723
2490 23 118591125323
2491 23 20926267078790
2492 23 13312637887121
2493 23 7732220316992
2494 23 11389353409183
2495 23 9655504794930
2496 23 18959118574194
2497 23 2085739629919
2498 23 19470338587249
2499 23 1574519616864
2500 23 379003542445
2501 23 20665854661668
2502 23 10457325997776
2503 23 10587532206337
2504 23 15503523039224
2505 23 5541335164889
2506 23 20475132743974
2507 23 569725460139
2508 23 7911001373422
2509 23 13133856830691
2510 23 3087748912038
2511 23 17957109292075
2512 23 9466068931245
2513 23 11578789272868
2514 23 9780409751947
2515 23 11264448452166
2516 23 20098569494472
2517 23 946288709641
2518 23 19490288889393
2519 23 1554569314720
2520 23 9184163685599
2521 23 11860694518514
2522 23 20903036912314
2523 23 141821291799
2524 23 19070011631567
2525 23 1974846572546
2526 23 14070381341861
2527 23 6974476862252
2528 23 8376302901050
2529 23 12668555303063
2530 23 10131863713925
2531 23 10912994490188
2532 23 5619499975369
2533 23 15425358228744
2534 23 7791115963425
2535 23 13253742240688
2536 23 3160762239591
2537 23 17884095964522
2538 23 20118091838016
2539 23 926766366097
2540 23 15810387663606
2541 23 5234470540507
2542 23 11615083238
2543 23 21033243120875
2544 24 7921363447964
2545 24 13123494756149
2546 24 13347810931555
2547 24 7697047272558
2548 24 14077266130057
2549 24 6967592074056
2550 24 11682088963677
2551 24 9362769240436
2552 24 3402340543658
2553 24 17642517660455
2554 24 10778916990790
2555 24 10265941213323
2556 24 7090628767224
2557 24 13954229436889
2558 24 16044670745705
2559 24 5000187458408
2560 24 185225817591
2561 24 20859632386522
2562 24 3461260126007
2563 24 17583598078106
2564 24 13145671429777
2565 24 7899186774336
2566 24 6977845131820
2567 24 14067013072293
2568 24 10422687196027
2569 24 10622171008086
2570 24 19270643770664
2571 24 1774214433449
2572 24 1743859739240
2573 24 19300998464873
2574 24 16793324852568
2575 24 4251533351545
2576 24 101069750889
2577 24 20943788453224
2578 24 20098933713109
2579 24 945924491004
2580 24 7447947810125
2581 24 13596910393988
2582 24 803717080848
2583 24 20241141123265
2584 24 16670110053699
2585 24 4374748150414
2586 24 1344892115122
2587 24 19699966088991
2588 24 10896756155488
2589 24 10148102048625
2590 24 19500482276932
2591 24 1544375927181
2592 24 17070622300639
2593 24 3974235903474
2594 24 4611081121787
2595 24 16433777082326
2596 24 19200714092330
2597 24 1844144111783
2598 24 13549950433333
2599 24 7494907770780
2600 24 2659190870619
2601 24 18385667333494
2602 24 7210743806890
2603 24 13834114397223
2604 24 1689618839416
2605 24 19355239364697
2606 24 14320417862891
2607 24 6724440341222
2608 24 1918287600255
2609 24 19126570603858
2610 24 4433643969484
2611 24 16611214234629
2612 24 3029642505801
2613 24 18015215698312
2614 24 8718475882221
2615 24 12326382321892
2616 24 6975281867379
2617 24 14069576336734
2618 24 17644764063130
2619 24 3400094140983
2620 24 121575866417
2621 24 20923282337696
2622 24 5748841565271
2623 24 15296016638842
2624 24 10831674733685
2625 24 10213183470428
2626 24 4704733194790
2627 24 16340125009323
2628 24 8302851284845
2629 24 12742006919268
2630 24 1422208344105
2631 24 19622649860008
2632 24 15061326642509
2633 24 5983531561604
2634 24 14072139601175
2635 24 6972718602938
2636 24 15518664164187
2637 24 5526194039926
2638 24 14251908268361
2639 24 6792949935752
2640 24 6029514465956
2641 24 15015343738157
2642 24 2948284348540
2643 24 18096573855573
2644 24 2754225137819
2645 24 18290633066294
2646 24 10521147469836
2647 24 10523710734277
2648 24 11231645774141
2649 24 9813212429972
2650 25 50824757547
2651 25 20994033446566
2652 25 16835341482866
2653 25 4209516721247
2654 25 10527061398169
2655 25 10517796805944
2656 25 16179874119375
2657 25 4864984084738
2658 25 749775823806
2659 25 20295082380307
2660 25 9586062386614
2661 25 11458795817499
2662 25 19588278563063
2663 25 1456579641050
2664 25 16787242127441
2665 25 4257616076672
2666 25 4327174468899
2667 25 16717683735214
2668 25 140686622122
2669 25 20904171581991
2670 25 20202640542790
2671 25 842217661323
2672 25 13140285090121
2673 25 7904573113992
2674 25 8984591095159
2675 25 12060267108954
2676 25 20005185213188
2677 25 1039672990925
2678 25 12768782759896
2679 25 8276075444217
2680 25 12580450808316
2681 25 8464407395797
2682 25 12783749838504
2683 25 8261108365609
2684 25 16558922051790
2685 25 4485936152323
2686 25 114729090110
2687 25 20930129114003
2688 25 12676649519166
2689 25 8368208684947
2690 25 14755995501016
2691 25 6288862703097
2692 25 9867435630858
2693 25 11177422573255
2694 25 13771224591088
2695 25 7273633613025
2696 25 10802477755638
2697 25 10242380448475
2698 25 16514249621666
2699 25 4530608582447
2700 25 18420263348027
2701 25 2624594856086
2702 25 17364434392541
2703 25 3680423811572
2704 25 12725706757362
2705 25 8319151446751
2706 25 1484373417725
2707 25 19560484786388
2708 25 8667706425985
2709 25 12377151778128
2710 25 14957360104581
2711 25 6087498099532
2712 25 1447315048825
2713 25 19597543155288
2714 25 13516023213805
2715 25 7528834990308
2716 25 1995988488926
2717 25 19048869715187
2718 25 9023315898126
2719 25 12021542305987
2720 25 17624994919988
2721 25 3419863284125
2722 25 10896049329011
2723 25 10148808875102
2724 25 8690295178551
2725 25 12354563025562
2726 25 4551663013466
2727 25 16493195190647
2728 25 18083911280428
2729 25 2960946923685
2730 25 17300068733701
2731 25 3744789470412
2732 25 2986384504711
2733 25 18058473699402
2734 25 1465844233275
2735 25 19579013970838
2736 25 11703101072618
2737 25 9341757131495
2738 25 15059370404178
2739 25 5985487799935
2740 25 8733729779510
2741 25 12311128424603
2742 25 3190405103905
2743 25 17854453100208
2744 25 5364859134218
2745 25 15679999069895
2746 25 16665854688738
2747 25 4379003515375
2748 25 18542827640868
2749 25 2502030563245
2750 25 4304886777575
2751 25 16739971426538
2752 25 8566056910891
2753 25 12478801293222
2754 25 16181483699745
2755 25 4863374504368
