B 115 298 2665 0 1 1 0 1 1 3 2656 3 2659 5 7851 5 7854 6 8072 6 8078 7 435 7 436 8 2341 8 2349 13 5394 13 5407 1028 6164 1028 7184 1029 6975 1029 7994 1175 2483 1175 3364 1487 357 1487 1194 1633 6412 1633 8045 1864 2482 1864 3834 1865 2098 1865 3963 2041 2640 2041 3497 2056 6049 2056 8105 2057 1693 2057 3732 2058 4764 2058 6806 2059 5665 2059 7722 2348 1227 2348 3559 2522 300 2522 2294 2523 5514 2523 7249 2918 552 2918 2382 2919 1198 2919 4041 3084 5769 3084 6789 3085 1571 3085 2606 3513 4455 3513 7390 3514 1293 3514 2231 3667 1116 3667 2575 4081 5749 4081 6532 4083 5588 4083 6695 4114 4072 4114 8186 4117 2371 4117 6486 4118 2436 4118 6546 4119 3545 4119 7630 4852 1288 4852 6140 4853 1023 4853 4362 4899 1322 4899 5641 5046 1336 5046 5774 5047 1804 5047 5307 5375 674 5375 5725 5440 1021 5440 5821 5442 564 5442 6006 5443 2901 5443 7702 5839 1230 5839 4609 5946 2831 5946 7221 6122 3294 6122 6964 6171 3096 6171 5123 6504 3221 6504 5629 6531 2671 6531 5100 7031 3287 7031 6048 7592 1086 7592 6550 7593 2149 7593 5580 8161 732 8161 7485 8162 2239 8162 5981 8163 1662 8163 6557 8167 1474 8167 6693
A 0 784 6475 2478 1 1 0 0 0 1 5 108 1 4837 0 0 0 0 0 0 0 0 0 0 0 0 0 0 0 0 -1 0 0 -1 0 0 0 0 0 0 0 0
A 1 1061 282 4609 1 1 0 0 1 2 48 85 0 21172 0 0 0 0 0 0 0 0 0 -1 0 0 0 0 0 0 0 0 0 0 -1 0 0 0 0 0 0 0
A 2 1507 662 3274 1 1 0 0 2 3 30 47 6 4187 0 0 0 0 0 0 0 0 0 1 0 0 0 0 0 0 1 0 -1 0 0 0 0 0 0 0 0 0
A 3 596 8051 6761 1 1 0 0 3 4 28 47 1 2724 0 0 0 0 0 0 0 0 0 1 0 0 0 0 0 1 0 0 0 0 0 0 0 0 0 0 0 0
A 4 1364 4029 8048 1 1 0 0 4 5 14 15 3 3114 0 0 0 -1 0 0 1 0 0 0 0 0 0 -1 0 0 0 0 0 0 0 0 0 0 0 0 0 0
A 5 949 2283 2330 1 1 0 0 5 6 29 93 4 3506 0 0 0 1 0 0 0 0 0 0 0 0 0 0 0 0 0 0 1 0 0 0 0 -1 0 0 0 0
A 6 302 4386 970 1 1 0 0 6 7 30 63 6 3775 0 0 0 0 0 0 0 0 0 0 1 0 0 0 0 0 1 0 -1 0 0 0 0 0 0 0 0 0
A 7 894 3537 453 1 1 0 0 7 8 28 105 6 3986 0 0 0 0 0 0 0 1 0 0 0 0 0 0 0 1 1 0 0 0 0 0 0 0 0 0 0 0
T 1415376 1473994
