B 115 298 2665 0 1 1 0 1 1 3 2656 3 2659 5 7851 5 7854 6 8072 6 8078 7 435 7 436 8 2341 8 2349 13 5394 13 5407 1028 6164 1028 7184 1029 6975 1029 7994 1175 2483 1175 3364 1487 357 1487 1194 1633 6412 1633 8045 1864 2482 1864 3834 1865 2098 1865 3963 2041 2640 2041 3497 2056 6049 2056 8105 2057 1693 2057 3732 2058 4764 2058 6806 2059 5665 2059 7722 2348 1227 2348 3559 2522 300 2522 2294 2523 5514 2523 7249 2918 552 2918 2382 2919 1198 2919 4041 3084 5769 3084 6789 3085 1571 3085 2606 3513 4455 3513 7390 3514 1293 3514 2231 3667 1116 3667 2575 4081 5749 4081 6532 4083 5588 4083 6695 4114 4072 4114 8186 4117 2371 4117 6486 4118 2436 4118 6546 4119 3545 4119 7630 4852 1288 4852 6140 4853 1023 4853 4362 4899 1322 4899 5641 5046 1336 5046 5774 5047 1804 5047 5307 5375 674 5375 5725 5440 1021 5440 5821 5442 564 5442 6006 5443 2901 5443 7702 5839 1230 5839 4609 5946 2831 5946 7221 6122 3294 6122 6964 6171 3096 6171 5123 6504 3221 6504 5629 6531 2671 6531 5100 7031 3287 7031 6048 7592 1086 7592 6550 7593 2149 7593 5580 8161 732 8161 7485 8162 2239 8162 5981 8163 1662 8163 6557 8167 1474 8167 6693
A 0 1408 2535 1614 1 1 0 0 0 1 10 16 1 5068 0 0 0 0 0 0 -1 0 0 0 0 0 0 0 0 0 0 -1 0 0 0 0 0 0 0 0 0 0
A 1 1126 6957 1844 1 1 0 0 1 2 19 22 7 5518 0 -1 0 0 0 0 0 0 0 0 0 0 0 0 0 0 0 0 0 0 0 0 -1 0 0 0 0 -1
A 2 1845 7631 3055 1 1 0 0 2 3 19 99 4 3825 0 -1 0 1 0 1 0 0 0 0 0 0 0 0 0 0 0 0 0 0 0 0 0 0 0 0 0 0
A 3 574 6399 12 1 1 0 0 3 4 13 107 10 4177 0 0 0 0 0 0 0 0 0 0 0 0 0 1 0 0 0 -1 0 1 0 0 0 0 0 0 0 0
A 4 1411 6479 450 1 1 0 0 4 5 19 36 0 2474 0 -1 0 0 0 0 0 0 0 0 0 0 0 0 0 0 0 0 0 0 0 0 0 0 0 1 0 0
A 5 1615 58 4444 1 1 0 0 5 6 26 77 0 2624 0 0 0 0 0 1 0 0 0 0 0 0 0 0 0 0 0 0 0 0 0 0 0 -1 0 0 0 0
A 6 1549 3397 2921 1 1 0 0 6 7 37 46 1 2734 0 0 0 0 -1 0 0 0 0 0 0 -1 0 0 0 0 0 0 0 0 0 0 0 0 0 0 0 0
A 7 1710 6865 5207 1 1 0 0 7 8 18 93 5 3646 0 0 0 0 0 0 0 0 0 0 0 0 0 0 0 0 -1 0 0 0 0 0 0 -1 0 0 -1 0
T 1408515 1450008
