c 1 eps 0 size 1057 : 1057 95931 490886 36993 0 0 0 0
c 1 eps 1 size 990 : 990 78881 311608 14025 0 0 0 0
c 2 eps 0 size 1023 : 1023 86955 389968 22491 0 0 0 0
c 2 eps 1 size 1024 : 1024 87296 395527 23938 2 0 0 0
c 3 eps 0 size 993 : 993 79515 316079 14251 0 0 0 0
c 3 eps 1 size 1054 : 1054 95201 484637 37257 2 0 0 0
c 6 eps 0 size 1055 : 1055 95387 484453 36272 0 0 0 0
c 6 eps 1 size 992 : 992 79360 316547 14757 0 0 0 0
c 7 eps 0 size 1025 : 1025 87467 395132 23199 0 0 0 0
c 7 eps 1 size 1022 : 1022 86785 389815 22854 0 0 0 0
c 8 eps 0 size 1055 : 1055 95387 484561 36315 0 0 0 0
c 8 eps 1 size 992 : 992 79360 316256 14686 0 0 0 0
c 9 eps 0 size 1033 : 1033 89535 417631 26308 0 0 0 0
c 9 eps 1 size 1014 : 1014 84761 369145 20568 0 0 0 0
c 12 eps 0 size 1007 : 1007 82931 348724 17551 0 0 0 0
c 12 eps 1 size 1040 : 1040 91456 441112 30407 0 0 0 0
c 13 eps 0 size 1049 : 1049 93767 465292 33061 0 0 0 0
c 13 eps 1 size 998 : 998 80809 330129 16147 0 0 0 0
c 14 eps 0 size 983 : 983 77135 294474 12208 0 0 0 0
c 14 eps 1 size 1064 : 1064 97936 517507 42691 1 0 0 0
c 15 eps 0 size 1041 : 1041 91635 440970 29468 0 0 0 0
c 15 eps 1 size 1006 : 1006 82769 349082 18166 1 0 0 0
c 18 eps 0 size 1007 : 1007 82931 348963 17735 0 0 0 0
c 18 eps 1 size 1040 : 1040 91456 440928 30028 0 0 0 0
c 19 eps 0 size 1033 : 1033 89535 417659 26213 0 0 0 0
c 19 eps 1 size 1014 : 1014 84761 368967 20298 0 0 0 0
c 22 eps 0 size 1039 : 1039 91107 435362 29054 0 0 0 0
c 22 eps 1 size 1008 : 1008 83264 353723 18488 0 0 0 0
c 23 eps 0 size 1001 : 1001 81455 334442 15940 0 0 0 0
c 23 eps 1 size 1046 : 1046 93049 459044 33044 0 0 0 0
c 24 eps 0 size 1007 : 1007 82931 349095 17807 0 0 0 0
c 24 eps 1 size 1040 : 1040 91456 440914 30198 1 0 0 0
c 25 eps 0 size 1025 : 1025 87467 395434 23417 0 0 0 0
c 25 eps 1 size 1022 : 1022 86785 389986 23096 1 0 0 0
c 28 eps 0 size 983 : 983 77135 294342 12260 0 0 0 0
c 28 eps 1 size 1064 : 1064 97936 517321 42522 3 0 0 0
c 29 eps 0 size 985 : 985 77607 298665 12696 0 0 0 0
c 29 eps 1 size 1062 : 1062 97385 510557 41246 3 0 0 0
c 30 eps 0 size 1007 : 1007 82931 348876 17758 0 0 0 0
c 30 eps 1 size 1040 : 1040 91456 441068 30240 1 0 0 0
c 31 eps 0 size 1017 : 1017 85431 374222 20725 0 0 0 0
c 31 eps 1 size 1030 : 1030 88841 411955 25949 1 0 0 0
c 32 eps 0 size 1015 : 1015 84927 368710 19843 0 0 0 0
c 32 eps 1 size 1032 : 1032 89360 417615 26798 0 0 0 0
c 33 eps 0 size 1065 : 1065 98127 517835 42094 0 0 0 0
c 33 eps 1 size 982 : 982 76985 294645 12510 0 0 0 0
c 34 eps 0 size 1031 : 1031 89015 412020 25236 0 0 0 0
c 34 eps 1 size 1016 : 1016 85264 374152 20857 0 0 0 0
c 35 eps 0 size 1057 : 1057 95931 491036 37413 0 0 0 0
c 35 eps 1 size 990 : 990 78881 311799 14253 0 0 0 0
c 38 eps 0 size 999 : 999 80967 329970 15728 0 0 0 0
c 38 eps 1 size 1048 : 1048 93584 465328 33897 0 0 0 0
c 39 eps 0 size 1049 : 1049 93767 465637 33306 0 0 0 0
c 39 eps 1 size 998 : 998 80809 329876 15944 0 0 0 0
c 40 eps 0 size 1039 : 1039 91107 435040 28784 0 0 0 0
c 40 eps 1 size 1008 : 1008 83264 354019 18815 0 0 0 0
c 41 eps 0 size 1025 : 1025 87467 395457 23276 0 0 0 0
c 41 eps 1 size 1022 : 1022 86785 390071 23134 0 0 0 0
c 42 eps 0 size 1023 : 1023 86955 389985 22639 0 0 0 0
c 42 eps 1 size 1024 : 1024 87296 395371 23790 0 0 0 0
c 43 eps 0 size 1033 : 1033 89535 417745 26416 0 0 0 0
c 43 eps 1 size 1014 : 1014 84761 369122 20600 0 0 0 0
c 44 eps 0 size 1047 : 1047 93231 459214 32191 0 0 0 0
c 44 eps 1 size 1000 : 1000 81296 334757 16418 0 0 0 0
c 45 eps 0 size 1009 : 1009 83427 353780 18235 0 0 0 0
c 45 eps 1 size 1038 : 1038 90929 435114 29535 0 0 0 0
c 46 eps 0 size 1047 : 1047 93231 459161 32503 0 0 0 0
c 46 eps 1 size 1000 : 1000 81296 334582 16564 0 0 0 0
c 47 eps 0 size 985 : 985 77607 298702 12595 0 0 0 0
c 47 eps 1 size 1062 : 1062 97385 510658 41398 0 0 0 0
c 48 eps 0 size 1043 : 1043 92165 447131 30642 0 0 0 0
c 48 eps 1 size 1004 : 1004 82276 344205 17519 0 0 0 0
c 49 eps 0 size 1005 : 1005 82437 344039 17221 0 0 0 0
c 49 eps 1 size 1042 : 1042 91985 447037 31142 0 0 0 0
c 50 eps 0 size 1003 : 1003 81945 339321 16801 0 0 0 0
c 50 eps 1 size 1044 : 1044 92516 452950 31893 0 0 0 0
c 51 eps 0 size 1013 : 1013 84425 363813 19454 0 0 0 0
c 51 eps 1 size 1034 : 1034 89881 423192 27375 0 0 0 0
c 52 eps 0 size 1019 : 1019 85937 379463 21419 0 0 0 0
c 52 eps 1 size 1028 : 1028 88324 406375 25330 0 0 0 0
c 53 eps 0 size 1005 : 1005 82437 343780 17036 0 0 0 0
c 53 eps 1 size 1042 : 1042 91985 446920 31103 0 0 0 0
c 54 eps 0 size 987 : 987 78081 302783 12855 0 0 0 0
c 54 eps 1 size 1060 : 1060 96836 504097 40367 0 0 0 0
c 55 eps 0 size 989 : 989 78557 307200 13224 0 0 0 0
c 55 eps 1 size 1058 : 1058 96289 497234 38762 0 0 0 0
c 56 eps 0 size 1051 : 1051 94305 471758 34370 0 0 0 0
c 56 eps 1 size 996 : 996 80324 325244 15501 0 0 0 0
c 57 eps 0 size 1053 : 1053 94845 478073 35223 0 0 0 0
c 57 eps 1 size 994 : 994 79841 320849 15111 0 0 0 0
c 58 eps 0 size 995 : 995 79997 320487 14635 0 0 0 0
c 58 eps 1 size 1052 : 1052 94660 477880 35831 0 0 0 0
c 59 eps 0 size 1029 : 1029 88497 406140 24422 0 0 0 0
c 59 eps 1 size 1018 : 1018 85769 379019 21440 0 0 0 0
c 60 eps 0 size 1019 : 1019 85937 379070 20933 0 0 0 0
c 60 eps 1 size 1028 : 1028 88324 406537 25291 0 0 0 0
c 61 eps 0 size 1045 : 1045 92697 453138 31411 0 0 0 0
c 61 eps 1 size 1002 : 1002 81785 339433 17051 0 0 0 0
c 62 eps 0 size 1011 : 1011 83925 358843 18952 0 0 0 0
c 62 eps 1 size 1036 : 1036 90404 429276 28658 0 0 0 0
c 63 eps 0 size 1053 : 1053 94845 477933 35249 0 0 0 0
c 63 eps 1 size 994 : 994 79841 320586 14981 0 0 0 0
c 72 eps 0 size 1019 : 1019 85937 379416 21514 0 0 0 0
c 72 eps 1 size 1028 : 1028 88324 406406 25365 1 0 0 0
c 73 eps 0 size 1013 : 1013 84425 363880 19676 0 0 0 0
c 73 eps 1 size 1034 : 1034 89881 423682 27919 1 0 0 0
c 76 eps 0 size 1003 : 1003 81945 339196 16663 0 0 0 0
c 76 eps 1 size 1044 : 1044 92516 452995 32000 1 0 0 0
c 77 eps 0 size 1029 : 1029 88497 406262 24683 0 0 0 0
c 77 eps 1 size 1018 : 1018 85769 379469 21823 1 0 0 0
c 82 eps 0 size 1031 : 1031 89015 411897 25484 0 0 0 0
c 82 eps 1 size 1016 : 1016 85264 374173 21199 0 0 0 0
c 83 eps 0 size 1001 : 1001 81455 334684 16233 0 0 0 0
c 83 eps 1 size 1046 : 1046 93049 459027 33047 0 0 0 0
c 86 eps 0 size 1047 : 1047 93231 459159 32441 0 0 0 0
c 86 eps 1 size 1000 : 1000 81296 334683 16535 0 0 0 0
c 87 eps 0 size 1049 : 1049 93767 465360 33365 0 0 0 0
c 87 eps 1 size 998 : 998 80809 330079 16110 0 0 0 0
c 88 eps 0 size 1035 : 1035 90057 423014 26686 0 0 0 0
c 88 eps 1 size 1012 : 1012 84260 364147 19996 0 0 0 0
c 89 eps 0 size 1021 : 1021 86445 384565 21731 0 0 0 0
c 89 eps 1 size 1026 : 1026 87809 400868 24505 0 0 0 0
c 92 eps 0 size 1019 : 1019 85937 379280 21292 0 0 0 0
c 92 eps 1 size 1028 : 1028 88324 406405 25215 0 0 0 0
c 93 eps 0 size 1037 : 1037 90581 429251 27993 0 0 0 0
c 93 eps 1 size 1010 : 1010 83761 358694 19264 0 0 0 0
c 96 eps 0 size 1019 : 1019 85937 379252 21121 0 0 0 0
c 96 eps 1 size 1028 : 1028 88324 406253 25141 0 0 0 0
c 97 eps 0 size 1053 : 1053 94845 478103 35422 0 0 0 0
c 97 eps 1 size 994 : 994 79841 320866 15285 0 0 0 0
c 98 eps 0 size 1035 : 1035 90057 423242 26871 0 0 0 0
c 98 eps 1 size 1012 : 1012 84260 363870 19794 0 0 0 0
c 99 eps 0 size 1029 : 1029 88497 406298 24825 0 0 0 0
c 99 eps 1 size 1018 : 1018 85769 379382 21747 0 0 0 0
c 100 eps 0 size 1051 : 1051 94305 471451 33788 0 0 0 0
c 100 eps 1 size 996 : 996 80324 325087 15290 0 0 0 0
c 101 eps 0 size 981 : 981 76665 290109 11741 0 0 0 0
c 101 eps 1 size 1066 : 1066 98489 524239 44105 0 0 0 0
c 102 eps 0 size 1019 : 1019 85937 379283 21259 0 0 0 0
c 102 eps 1 size 1028 : 1028 88324 406407 25338 0 0 0 0
c 103 eps 0 size 989 : 989 78557 307248 13337 0 0 0 0
c 103 eps 1 size 1058 : 1058 96289 497720 39499 0 0 0 0
c 104 eps 0 size 1055 : 1055 95387 484587 36466 0 0 0 0
c 104 eps 1 size 992 : 992 79360 316593 14804 0 0 0 0
c 105 eps 0 size 1001 : 1001 81455 334455 16083 0 0 0 0
c 105 eps 1 size 1046 : 1046 93049 459220 32999 0 0 0 0
c 106 eps 0 size 1063 : 1063 97575 510770 40681 0 0 0 0
c 106 eps 1 size 984 : 984 77456 298795 12900 0 0 0 0
c 107 eps 0 size 1033 : 1033 89535 417569 26253 0 0 0 0
c 107 eps 1 size 1014 : 1014 84761 369039 20600 0 0 0 0
c 108 eps 0 size 1055 : 1055 95387 484442 36166 0 0 0 0
c 108 eps 1 size 992 : 992 79360 316342 14796 0 0 0 0
c 109 eps 0 size 1009 : 1009 83427 354083 18443 0 0 0 0
c 109 eps 1 size 1038 : 1038 90929 434978 29189 0 0 0 0
c 110 eps 0 size 1039 : 1039 91107 435057 28752 0 0 0 0
c 110 eps 1 size 1008 : 1008 83264 353741 18624 0 0 0 0
c 111 eps 0 size 1017 : 1017 85431 374091 20675 0 0 0 0
c 111 eps 1 size 1030 : 1030 88841 411982 25988 0 0 0 0
c 112 eps 0 size 1015 : 1015 84927 368773 19907 0 0 0 0
c 112 eps 1 size 1032 : 1032 89360 417578 26596 1 0 0 0
c 113 eps 0 size 993 : 993 79515 316161 14403 0 0 0 0
c 113 eps 1 size 1054 : 1054 95201 483979 36703 1 0 0 0
c 114 eps 0 size 1023 : 1023 86955 389803 22373 0 0 0 0
c 114 eps 1 size 1024 : 1024 87296 395605 23911 0 0 0 0
c 115 eps 0 size 1049 : 1049 93767 465441 33386 0 0 0 0
c 115 eps 1 size 998 : 998 80809 330058 16092 0 0 0 0
c 120 eps 0 size 1019 : 1019 85937 379237 21145 0 0 0 0
c 120 eps 1 size 1028 : 1028 88324 406433 25202 0 0 0 0
c 121 eps 0 size 1061 : 1061 97025 504053 39599 0 0 0 0
c 121 eps 1 size 986 : 986 77929 303003 13309 0 0 0 0
c 122 eps 0 size 1003 : 1003 81945 339382 16827 0 0 0 0
c 122 eps 1 size 1044 : 1044 92516 453023 32003 1 0 0 0
c 123 eps 0 size 997 : 997 80481 325128 15237 0 0 0 0
c 123 eps 1 size 1050 : 1050 94121 471417 34797 1 0 0 0
c 124 eps 0 size 987 : 987 78081 302988 13038 0 0 0 0
c 124 eps 1 size 1060 : 1060 96836 503875 40287 1 0 0 0
c 125 eps 0 size 1037 : 1037 90581 429389 27986 0 0 0 0
c 125 eps 1 size 1010 : 1010 83761 359066 19503 1 0 0 0
c 144 eps 0 size 1011 : 1011 83925 359107 19142 0 0 0 0
c 144 eps 1 size 1036 : 1036 90404 429127 28291 0 0 0 0
c 145 eps 0 size 1013 : 1013 84425 363800 19352 0 0 0 0
c 145 eps 1 size 1034 : 1034 89881 423538 27886 0 0 0 0
c 148 eps 0 size 1007 : 1007 82931 348645 17689 0 0 0 0
c 148 eps 1 size 1040 : 1040 91456 440919 30258 0 0 0 0
c 149 eps 0 size 1025 : 1025 87467 395212 23159 0 0 0 0
c 149 eps 1 size 1022 : 1022 86785 390151 23270 0 0 0 0
c 152 eps 0 size 1019 : 1019 85937 379463 21570 0 0 0 0
c 152 eps 1 size 1028 : 1028 88324 406340 25315 1 0 0 0
c 153 eps 0 size 989 : 989 78557 307390 13566 0 0 0 0
c 153 eps 1 size 1058 : 1058 96289 497363 39156 1 0 0 0
c 156 eps 0 size 1023 : 1023 86955 389687 22389 0 0 0 0
c 156 eps 1 size 1024 : 1024 87296 395471 23689 0 0 0 0
c 157 eps 0 size 1041 : 1041 91635 441248 29777 0 0 0 0
c 157 eps 1 size 1006 : 1006 82769 348993 18100 0 0 0 0
c 166 eps 0 size 1043 : 1043 92165 446722 30117 0 0 0 0
c 166 eps 1 size 1004 : 1004 82276 344075 17630 0 0 0 0
c 167 eps 0 size 1021 : 1021 86445 384722 22226 0 0 0 0
c 167 eps 1 size 1026 : 1026 87809 400885 24494 0 0 0 0
c 168 eps 0 size 1031 : 1031 89015 411947 25479 0 0 0 0
c 168 eps 1 size 1016 : 1016 85264 374265 21367 0 0 0 0
c 169 eps 0 size 1049 : 1049 93767 465292 33196 0 0 0 0
c 169 eps 1 size 998 : 998 80809 329929 16092 0 0 0 0
c 174 eps 0 size 1019 : 1019 85937 379196 21270 0 0 0 0
c 174 eps 1 size 1028 : 1028 88324 406189 25204 1 0 0 0
c 175 eps 0 size 1013 : 1013 84425 364048 19682 0 0 0 0
c 175 eps 1 size 1034 : 1034 89881 423453 27679 1 0 0 0
c 178 eps 0 size 999 : 999 80967 329890 15885 0 0 0 0
c 178 eps 1 size 1048 : 1048 93584 465152 33700 3 0 0 0
c 179 eps 0 size 1001 : 1001 81455 334591 16266 0 0 0 0
c 179 eps 1 size 1046 : 1046 93049 459078 32748 3 0 0 0
c 180 eps 0 size 1059 : 1059 96477 497524 38262 0 0 0 0
c 180 eps 1 size 988 : 988 78404 307300 13595 0 0 0 0
c 181 eps 0 size 1029 : 1029 88497 406381 24708 0 0 0 0
c 181 eps 1 size 1018 : 1018 85769 379109 21423 0 0 0 0
c 188 eps 0 size 1051 : 1051 94305 471752 34285 0 0 0 0
c 188 eps 1 size 996 : 996 80324 325400 15787 0 0 0 0
c 189 eps 0 size 1029 : 1029 88497 406600 24957 0 0 0 0
c 189 eps 1 size 1018 : 1018 85769 379652 21952 0 0 0 0
c 190 eps 0 size 1043 : 1043 92165 446762 30215 0 0 0 0
c 190 eps 1 size 1004 : 1004 82276 344170 17461 0 0 0 0
c 191 eps 0 size 1045 : 1045 92697 453185 31573 0 0 0 0
c 191 eps 1 size 1002 : 1002 81785 339205 16922 0 0 0 0
c 208 eps 0 size 1067 : 1067 98681 524681 43224 0 0 0 0
c 208 eps 1 size 980 : 980 76516 290739 12284 0 0 0 0
c 209 eps 0 size 1029 : 1029 88497 406421 24704 0 0 0 0
c 209 eps 1 size 1018 : 1018 85769 379417 21852 0 0 0 0
c 210 eps 0 size 1035 : 1035 90057 423399 27140 0 0 0 0
c 210 eps 1 size 1012 : 1012 84260 363845 19721 0 0 0 0
c 211 eps 0 size 1013 : 1013 84425 363797 19282 0 0 0 0
c 211 eps 1 size 1034 : 1034 89881 423477 27752 0 0 0 0
c 212 eps 0 size 983 : 983 77135 294416 12328 0 0 0 0
c 212 eps 1 size 1064 : 1064 97936 517438 42714 1 0 0 0
c 213 eps 0 size 1009 : 1009 83427 353864 18348 0 0 0 0
c 213 eps 1 size 1038 : 1038 90929 434905 29221 1 0 0 0
c 214 eps 0 size 1015 : 1015 84927 368610 19868 0 0 0 0
c 214 eps 1 size 1032 : 1032 89360 417591 26818 1 0 0 0
c 215 eps 0 size 993 : 993 79515 315942 14203 0 0 0 0
c 215 eps 1 size 1054 : 1054 95201 484530 37284 1 0 0 0
c 216 eps 0 size 1015 : 1015 84927 368904 19982 0 0 0 0
c 216 eps 1 size 1032 : 1032 89360 417612 26839 0 0 0 0
c 217 eps 0 size 1033 : 1033 89535 417575 26233 0 0 0 0
c 217 eps 1 size 1014 : 1014 84761 368952 20483 0 0 0 0
c 220 eps 0 size 1035 : 1035 90057 423565 27338 0 0 0 0
c 220 eps 1 size 1012 : 1012 84260 364024 20007 1 0 0 0
c 221 eps 0 size 989 : 989 78557 307256 13344 0 0 0 0
c 221 eps 1 size 1058 : 1058 96289 497547 39328 1 0 0 0
c 230 eps 0 size 1047 : 1047 93231 459287 32586 0 0 0 0
c 230 eps 1 size 1000 : 1000 81296 334959 16759 0 0 0 0
c 231 eps 0 size 1025 : 1025 87467 395253 23297 0 0 0 0
c 231 eps 1 size 1022 : 1022 86785 389998 23165 0 0 0 0
c 240 eps 0 size 1019 : 1019 85937 379207 21182 0 0 0 0
c 240 eps 1 size 1028 : 1028 88324 406444 25248 0 0 0 0
c 241 eps 0 size 1061 : 1061 97025 504363 39846 0 0 0 0
c 241 eps 1 size 986 : 986 77929 303170 13349 0 0 0 0
c 242 eps 0 size 979 : 979 76197 286072 11524 0 0 0 0
c 242 eps 1 size 1068 : 1068 99044 531174 45102 0 0 0 0
c 243 eps 0 size 997 : 997 80481 325003 15080 0 0 0 0
c 243 eps 1 size 1050 : 1050 94121 471565 34700 0 0 0 0
c 246 eps 0 size 983 : 983 77135 294420 12321 0 0 0 0
c 246 eps 1 size 1064 : 1064 97936 517326 42494 1 0 0 0
c 247 eps 0 size 1057 : 1057 95931 490928 37578 0 0 0 0
c 247 eps 1 size 990 : 990 78881 311797 14196 1 0 0 0
c 248 eps 0 size 1007 : 1007 82931 348898 17705 0 0 0 0
c 248 eps 1 size 1040 : 1040 91456 440887 30094 1 0 0 0
c 249 eps 0 size 1001 : 1001 81455 334480 16247 0 0 0 0
c 249 eps 1 size 1046 : 1046 93049 459078 32688 1 0 0 0
c 252 eps 0 size 1059 : 1059 96477 497652 38609 0 0 0 0
c 252 eps 1 size 988 : 988 78404 307349 13687 0 0 0 0
c 253 eps 0 size 1061 : 1061 97025 504353 39781 0 0 0 0
c 253 eps 1 size 986 : 986 77929 303078 13232 0 0 0 0
c 274 eps 0 size 995 : 995 79997 320882 15067 0 0 0 0
c 274 eps 1 size 1052 : 1052 94660 477888 35788 1 0 0 0
c 275 eps 0 size 1013 : 1013 84425 363921 19490 0 0 0 0
c 275 eps 1 size 1034 : 1034 89881 423527 27807 1 0 0 0
c 278 eps 0 size 1011 : 1011 83925 358831 18883 0 0 0 0
c 278 eps 1 size 1036 : 1036 90404 429061 28527 1 0 0 0
c 279 eps 0 size 989 : 989 78557 307277 13464 0 0 0 0
c 279 eps 1 size 1058 : 1058 96289 497403 39315 1 0 0 0
c 284 eps 0 size 1019 : 1019 85937 379365 21557 0 0 0 0
c 284 eps 1 size 1028 : 1028 88324 406344 25158 1 0 0 0
c 285 eps 0 size 1053 : 1053 94845 478068 35220 0 0 0 0
c 285 eps 1 size 994 : 994 79841 320891 15071 1 0 0 0
c 288 eps 0 size 991 : 991 79035 311769 13855 0 0 0 0
c 288 eps 1 size 1056 : 1056 95744 490676 37669 0 0 0 0
c 289 eps 0 size 1049 : 1049 93767 465315 33466 0 0 0 0
c 289 eps 1 size 998 : 998 80809 330065 16099 0 0 0 0
c 298 eps 0 size 991 : 991 79035 311650 13855 0 0 0 0
c 298 eps 1 size 1056 : 1056 95744 491039 38392 1 0 0 0
c 299 eps 0 size 1041 : 1041 91635 441039 29651 0 0 0 0
c 299 eps 1 size 1006 : 1006 82769 349059 18252 1 0 0 0
c 302 eps 0 size 1063 : 1063 97575 510744 40645 0 0 0 0
c 302 eps 1 size 984 : 984 77456 299048 13177 0 0 0 0
c 303 eps 0 size 1049 : 1049 93767 465331 33227 0 0 0 0
c 303 eps 1 size 998 : 998 80809 329848 15921 0 0 0 0
c 314 eps 0 size 1043 : 1043 92165 446976 30526 0 0 0 0
c 314 eps 1 size 1004 : 1004 82276 344105 17605 0 0 0 0
c 315 eps 0 size 1005 : 1005 82437 343910 17030 0 0 0 0
c 315 eps 1 size 1042 : 1042 91985 447229 31347 0 0 0 0
c 338 eps 0 size 1011 : 1011 83925 358831 18887 0 0 0 0
c 338 eps 1 size 1036 : 1036 90404 429052 28282 0 0 0 0
c 339 eps 0 size 1013 : 1013 84425 363808 19426 0 0 0 0
c 339 eps 1 size 1034 : 1034 89881 423255 27473 0 0 0 0
c 342 eps 0 size 995 : 995 79997 320827 14925 0 0 0 0
c 342 eps 1 size 1052 : 1052 94660 477976 35991 0 0 0 0
c 343 eps 0 size 1021 : 1021 86445 384579 21900 0 0 0 0
c 343 eps 1 size 1026 : 1026 87809 400684 24355 0 0 0 0
c 362 eps 0 size 1023 : 1023 86955 389942 22662 0 0 0 0
c 362 eps 1 size 1024 : 1024 87296 395324 23792 0 0 0 0
c 363 eps 0 size 1025 : 1025 87467 395393 23344 0 0 0 0
c 363 eps 1 size 1022 : 1022 86785 390050 23164 0 0 0 0
c 366 eps 0 size 999 : 999 80967 329927 15645 0 0 0 0
c 366 eps 1 size 1048 : 1048 93584 465364 34087 0 0 0 0
c 367 eps 0 size 1049 : 1049 93767 465436 33124 0 0 0 0
c 367 eps 1 size 998 : 998 80809 329904 16030 0 0 0 0
c 422 eps 0 size 1039 : 1039 91107 435135 28796 0 0 0 0
c 422 eps 1 size 1008 : 1008 83264 353799 18567 1 0 0 0
c 423 eps 0 size 1001 : 1001 81455 334397 16140 0 0 0 0
c 423 eps 1 size 1046 : 1046 93049 459176 32965 1 0 0 0
c 424 eps 0 size 1043 : 1043 92165 447056 30478 0 0 0 0
c 424 eps 1 size 1004 : 1004 82276 344286 17525 0 0 0 0
c 425 eps 0 size 1037 : 1037 90581 429080 27694 0 0 0 0
c 425 eps 1 size 1010 : 1010 83761 358808 19098 0 0 0 0
c 428 eps 0 size 1063 : 1063 97575 510897 40625 0 0 0 0
c 428 eps 1 size 984 : 984 77456 298726 12851 0 0 0 0
c 429 eps 0 size 1025 : 1025 87467 395433 23295 0 0 0 0
c 429 eps 1 size 1022 : 1022 86785 389727 22707 0 0 0 0
c 438 eps 0 size 1031 : 1031 89015 412038 25664 0 0 0 0
c 438 eps 1 size 1016 : 1016 85264 374188 21159 1 0 0 0
c 439 eps 0 size 993 : 993 79515 316246 14342 0 0 0 0
c 439 eps 1 size 1054 : 1054 95201 484155 36735 1 0 0 0
c 444 eps 0 size 991 : 991 79035 311611 13847 0 0 0 0
c 444 eps 1 size 1056 : 1056 95744 490922 38243 1 0 0 0
c 445 eps 0 size 1033 : 1033 89535 417669 26504 0 0 0 0
c 445 eps 1 size 1014 : 1014 84761 369063 20510 1 0 0 0
c 492 eps 0 size 1007 : 1007 82931 348784 17836 0 0 0 0
c 492 eps 1 size 1040 : 1040 91456 440793 30128 0 0 0 0
c 493 eps 0 size 1049 : 1049 93767 465400 33498 0 0 0 0
c 493 eps 1 size 998 : 998 80809 330106 16144 0 0 0 0
c 512 eps 0 size 989 : 989 78557 307298 13423 0 0 0 0
c 512 eps 1 size 1058 : 1058 96289 497478 39236 0 0 0 0
c 513 eps 0 size 1043 : 1043 92165 446934 30372 0 0 0 0
c 513 eps 1 size 1004 : 1004 82276 344248 17619 0 0 0 0
c 514 eps 0 size 1037 : 1037 90581 428904 27656 0 0 0 0
c 514 eps 1 size 1010 : 1010 83761 358776 19230 0 0 0 0
c 515 eps 0 size 1067 : 1067 98681 524531 43189 0 0 0 0
c 515 eps 1 size 980 : 980 76516 290331 12090 0 0 0 0
c 520 eps 0 size 1013 : 1013 84425 363809 19379 0 0 0 0
c 520 eps 1 size 1034 : 1034 89881 423447 27700 0 0 0 0
c 521 eps 0 size 1027 : 1027 87981 400926 24224 0 0 0 0
c 521 eps 1 size 1020 : 1020 86276 384540 22298 0 0 0 0
c 522 eps 0 size 1037 : 1037 90581 429154 27986 0 0 0 0
c 522 eps 1 size 1010 : 1010 83761 358734 19027 1 0 0 0
c 523 eps 0 size 1043 : 1043 92165 446842 30236 0 0 0 0
c 523 eps 1 size 1004 : 1004 82276 344392 17617 1 0 0 0
c 578 eps 0 size 1037 : 1037 90581 429055 27711 0 0 0 0
c 578 eps 1 size 1010 : 1010 83761 358784 19092 0 0 0 0
c 579 eps 0 size 995 : 995 79997 320543 14661 0 0 0 0
c 579 eps 1 size 1052 : 1052 94660 477992 36064 0 0 0 0
c 606 eps 0 size 1061 : 1061 97025 503895 39403 0 0 0 0
c 606 eps 1 size 986 : 986 77929 303254 13467 0 0 0 0
c 607 eps 0 size 1003 : 1003 81945 339465 16869 0 0 0 0
c 607 eps 1 size 1044 : 1044 92516 452906 31903 0 0 0 0
c 646 eps 0 size 1045 : 1045 92697 453098 31451 0 0 0 0
c 646 eps 1 size 1002 : 1002 81785 339337 16945 0 0 0 0
c 647 eps 0 size 1043 : 1043 92165 446789 30295 0 0 0 0
c 647 eps 1 size 1004 : 1004 82276 343990 17472 0 0 0 0
c 682 eps 0 size 1013 : 1013 84425 363953 19498 0 0 0 0
c 682 eps 1 size 1034 : 1034 89881 423420 27656 1 0 0 0
c 683 eps 0 size 995 : 995 79997 320738 14742 0 0 0 0
c 683 eps 1 size 1052 : 1052 94660 477985 35927 1 0 0 0
c 806 eps 0 size 1013 : 1013 84425 363742 19266 0 0 0 0
c 806 eps 1 size 1034 : 1034 89881 423222 27471 0 0 0 0
c 807 eps 0 size 1027 : 1027 87981 400741 23832 0 0 0 0
c 807 eps 1 size 1020 : 1020 86276 384695 22549 0 0 0 0
