random 0 size 1056 : 1056 95779 494087 42068 7 0 0 0
random 1 size 1055 : 1055 95376 486193 40072 6 0 0 0
random 2 size 1013 : 1013 84552 369242 22558 2 0 0 0
random 3 size 993 : 993 79598 320155 16583 1 0 0 0
random 4 size 1010 : 1010 83737 358733 20060 0 0 0 0
random 5 size 1058 : 1058 96414 503554 44115 3 0 0 0
random 6 size 1038 : 1038 91025 439268 32523 1 0 0 0
random 7 size 1001 : 1001 81439 335625 17774 1 0 0 0
random 8 size 982 : 982 76835 291478 12379 0 0 0 0
random 9 size 1025 : 1025 87433 395275 24556 2 0 0 0
random 10 size 1034 : 1034 89940 426370 29963 4 0 0 0
random 11 size 993 : 993 79586 319278 15996 0 0 0 0
random 12 size 1020 : 1020 86258 385484 24146 1 0 0 0
random 13 size 1033 : 1033 89492 416879 27097 1 0 0 0
random 14 size 1066 : 1066 98397 522129 45355 3 0 0 0
random 15 size 1023 : 1023 86838 387516 23398 1 0 0 0
random 16 size 1010 : 1010 83751 359837 20735 0 0 0 0
random 17 size 1054 : 1054 95122 482404 37907 1 0 0 0
random 18 size 1066 : 1066 98581 529241 48393 7 0 0 0
random 19 size 1007 : 1007 82818 346655 18102 0 0 0 0
random 20 size 1041 : 1041 91789 448124 34176 2 0 0 0
random 21 size 1046 : 1046 92849 452709 32011 2 0 0 0
random 22 size 962 : 962 72261 252998 9424 0 0 0 0
random 23 size 1029 : 1029 88682 413357 28509 1 0 0 0
random 24 size 1016 : 1016 85278 376165 23096 0 0 0 0
random 25 size 1053 : 1053 94921 482332 39096 4 0 0 0
random 26 size 1032 : 1032 89241 415302 27603 1 0 0 0
random 27 size 998 : 998 80642 326391 16198 1 0 0 0
random 28 size 1013 : 1013 84519 366973 21154 1 0 0 0
random 29 size 1047 : 1047 93291 462724 35581 4 0 0 0
random 30 size 995 : 995 79987 321694 15936 0 0 0 0
random 31 size 1035 : 1035 90090 425950 29742 2 0 0 0
random 32 size 1001 : 1001 81298 330924 16076 1 0 0 0
random 33 size 1047 : 1047 93396 466212 36767 6 0 0 0
random 34 size 1047 : 1047 93242 461099 35054 5 0 0 0
random 35 size 1000 : 1000 81177 332256 16998 0 0 0 0
random 36 size 1047 : 1047 93433 468071 38035 5 0 0 0
random 37 size 1015 : 1015 84968 371426 22074 2 0 0 0
random 38 size 966 : 966 73125 259306 9749 0 0 0 0
random 39 size 1011 : 1011 83950 360827 20604 0 0 0 0
