c 1 eps 0 size 4005 : 4005 1306305 21743514 4675554 520 0 0 0
c 1 eps 1 size 4186 : 4186 1491945 29689790 9188569 2353 0 0 0
c 2654 eps 0 size 4145 : 4145 1448195 27669588 7867136 1561 0 0 0
c 2654 eps 1 size 4046 : 4046 1347185 23396455 5510085 811 0 0 0
c 7766 eps 0 size 4073 : 4073 1373999 24470868 6039278 944 0 0 0
c 7766 eps 1 size 4118 : 4118 1420409 26476118 7194584 1385 0 0 0
c 1237 eps 0 size 4097 : 4097 1398443 25499601 6597963 1141 0 0 0
c 1237 eps 1 size 4094 : 4094 1395713 25414062 6588541 1141 0 0 0
c 3236 eps 0 size 4015 : 4015 1316115 22131238 4870052 590 0 0 0
c 3236 eps 1 size 4176 : 4176 1481280 29201193 8879384 2081 0 0 0
c 5334 eps 0 size 4063 : 4063 1363899 24051679 5815644 846 0 0 0
c 5334 eps 1 size 4128 : 4128 1430784 26927397 7451039 1420 0 0 0
c 397 eps 0 size 4113 : 4113 1414899 26206997 7000769 1245 0 0 0
c 397 eps 1 size 4078 : 4078 1379409 24724713 6203265 946 0 0 0
c 595 eps 0 size 4163 : 4163 1467149 28522876 8395263 1773 0 0 0
c 595 eps 1 size 4028 : 4028 1329284 22677389 5155833 670 0 0 0
c 6729 eps 0 size 4135 : 4135 1437735 27205508 7583335 1409 0 0 0
c 6729 eps 1 size 4056 : 4056 1357200 23805505 5722062 821 0 0 0
c 4391 eps 0 size 4061 : 4061 1361885 23970461 5779309 866 0 0 0
c 4391 eps 1 size 4130 : 4130 1432865 27021606 7516025 1474 0 0 0
c 773 eps 0 size 4015 : 4015 1316115 22131238 4870052 590 0 0 0
c 773 eps 1 size 4176 : 4176 1481280 29201193 8879384 2081 0 0 0
c 2997 eps 0 size 4175 : 4175 1479875 29103101 8764804 2030 0 0 0
c 2997 eps 1 size 4016 : 4016 1317440 22209265 4930142 631 0 0 0
c 4776 eps 0 size 4137 : 4137 1439823 27297231 7638320 1457 0 0 0
c 4776 eps 1 size 4054 : 4054 1355193 23721451 5673183 862 0 0 0
c 477 eps 0 size 4049 : 4049 1349843 23476232 5521753 794 0 0 0
c 477 eps 1 size 4142 : 4142 1445393 27574725 7843219 1608 0 0 0
c 7454 eps 0 size 4011 : 4011 1312185 21975300 4793833 552 0 0 0
c 7454 eps 1 size 4180 : 4180 1485540 29397712 9007655 2181 0 0 0
c 4158 eps 0 size 4075 : 4075 1376025 24556331 6088204 925 0 0 0
c 4158 eps 1 size 4116 : 4116 1418340 26386859 7142404 1332 0 0 0
c 1760 eps 0 size 4109 : 4109 1410773 26027954 6895289 1199 0 0 0
c 1760 eps 1 size 4082 : 4082 1383473 24895690 6300728 1016 0 0 0
c 309 eps 0 size 4145 : 4145 1448195 27669453 7863284 1588 0 0 0
c 309 eps 1 size 4046 : 4046 1347185 23396276 5510802 753 0 0 0
c 706 eps 0 size 4105 : 4105 1406655 25854012 6806805 1208 0 0 0
c 706 eps 1 size 4086 : 4086 1387545 25065416 6387311 1048 0 0 0
c 3554 eps 0 size 4115 : 4115 1416965 26296069 7047800 1279 0 0 0
c 3554 eps 1 size 4076 : 4076 1377380 24639780 6159287 937 0 0 0
c 3427 eps 0 size 4137 : 4137 1439823 27298784 7644717 1488 0 0 0
c 3427 eps 1 size 4054 : 4054 1355193 23722694 5676373 850 0 0 0
c 574 eps 0 size 4033 : 4033 1333899 22834309 5201723 663 0 0 0
c 574 eps 1 size 4158 : 4158 1462209 28330128 8314711 1823 0 0 0
c 1973 eps 0 size 4055 : 4055 1355855 23724203 5655600 812 0 0 0
c 1973 eps 1 size 4136 : 4136 1439120 27295846 7670935 1567 0 0 0
c 745 eps 0 size 4155 : 4155 1458705 28142667 8164057 1792 0 0 0
c 745 eps 1 size 4036 : 4036 1337220 22994460 5310599 723 0 0 0
c 4516 eps 0 size 4087 : 4087 1388223 25065806 6355115 1051 0 0 0
c 4516 eps 1 size 4104 : 4104 1405968 25850152 6827709 1216 0 0 0
c 3479 eps 0 size 4069 : 4069 1369953 24302307 5949718 892 0 0 0
c 3479 eps 1 size 4122 : 4122 1424553 26655425 7292179 1402 0 0 0
c 486 eps 0 size 4067 : 4067 1367933 24218863 5907905 888 0 0 0
c 486 eps 1 size 4124 : 4124 1426628 26747061 7348417 1391 0 0 0
c 6775 eps 0 size 4175 : 4175 1479875 29104709 8771108 2013 0 0 0
c 6775 eps 1 size 4016 : 4016 1317440 22207358 4922814 588 0 0 0
c 4634 eps 0 size 4121 : 4121 1423175 26566223 7206694 1325 0 0 0
c 4634 eps 1 size 4070 : 4070 1371305 24386900 6027387 957 0 0 0
c 1016 eps 0 size 4053 : 4053 1353849 23639075 5601057 785 0 0 0
c 1016 eps 1 size 4138 : 4138 1441209 27388489 7730081 1531 0 0 0
