random 0 size 4120 : 4120 1422671 26612438 7413145 1950 0 0 0
random 1 size 4109 : 4109 1411047 26084844 7074239 1845 0 0 0
random 2 size 4034 : 4034 1335118 22920225 5354449 1010 0 0 0
random 3 size 4145 : 4145 1448749 27765328 8115906 2419 0 0 0
random 4 size 4134 : 4134 1437362 27266901 7810346 2190 0 0 0
random 5 size 4083 : 4083 1384734 24989417 6483149 1572 0 0 0
random 6 size 4106 : 4106 1407444 25885947 6911377 1739 0 0 0
random 7 size 4083 : 4083 1384725 24985349 6468010 1469 0 0 0
random 8 size 4098 : 4098 1399246 25538428 6716774 1564 0 0 0
random 9 size 4042 : 4042 1342801 23205526 5472209 1051 0 0 0
